13381
23770
218
1094
2076
10086
20629
9738
9615
47216
129
4486
31537
31254
4025
1264
13363
15877
10200
327
9851
9637
201
28804
145
4366
1065
10982
57213
1764
1298
1252
17417
3432
50261
2005
3800
4448
9373
21288
3995
170
6018
16695
9887
203
3259
4378
1219
11739
38071
12916
15018
323
9612
90
11834
30087
13920
5763
15250
1778
14531
13246
163
9667
1719
17126
3
1512
98
16474
13013
13781
590
8889
9934
13816
5574
127
14515
62
9614
31262
1134
9937
9680
4681
14930
16141
33509
6722
5400
16644
9079
100
654
1145
9605
4943
13387
15735
4733
13446
30968
13361
1337
27709
1489
13055
6648
539
27094
54610
1135
1513
69
5467
188
43530
338
1720
33768
12516
5751
6666
6781
50
17747
1992
1384
43286
960
9616
43796
2276
1028
1596
18009
14943
47205
4699
1587
8972
3291
76
1325
55
12246
2588
1349
8921
770
12896
2087
13445
265
15397
949
794
12921
9666
6791
34322
4390
11691
12757
33485
14989
271
197
12239
4061
1260
4836
12919
273
1510
713
975
13227
16489
26115
47265
1417
1084
1150
245
150
1133
1735
3170
4430
1297
801
8911
3178
28900
130
15456
171
10249
8926
33783
15515
9933
34375
6777
26378
38530
14964
12155
14959
14879
9875
62252
9654
16621
23767
11832
16425
3257
15253
5214
2902
2100
28554
13087
12153
1348
83
12306
6650
56624
16057
2293
38516
612
13794
2540
4024
9939
19910
13795
13530
1041
1923
415
24697
27115
9753
1154
2230
8886
10621
9528
13236
12912
8935
28648
4485
47
26508
5985
35506
4648
200
47210
611
3655
9996
16500
13388
4475
47268
351
13392
18621
4476
299
14938
972
276
5669
2772
89
198
142
399
28196
15034
12
6680
10099
1803
16387
24247
9668
6483
214
125
30431
9039
2481
2446
9663
1883
12915
247
984
9703
4947
15647
3274
344
220
2110
99
13238
15418
3209
622
7578
12918
3601
1334
13365
24734
920
49387
6726
10500
37217
747
24729
16598
44386
934
642
1516
21631
666
77
1382
3167
14954
178
11
8947
6767
30301
845
9553
2038
331
252
1114
88
9644
38537
9604
217
15696
1387
17743
12908
4003
8988
10049
779
51980
1993
593
9407
8244
8900
3183
1224
12897
9379
57003
648
383
662
13913
9647
4950
124
1478
10494
4034
2170
3849
2578
9607
2490
6728
17681
3574
4597
1164
24715
173
71
13699
15046
9699
4018
2525
1081
43028
23648
105
32246
5315
1036
3082
24818
1748
19595
1152
38072
9782
755
2085
126
694
16392
1399
6682
23900
24730
47206
11891
617
29871
13527
5717
7543
6748
17795
9347
1861
18605
13060
1787
5310
223
1322
605
3517
1221
2273
97
9684
5317
164
2294
9359
1282
1922
9013
32698
33732
9729
1083
59
242
14945
1519
659
2055
61285
57
375
3892
42986
21280
757
28570
9670
23150
24736
2891
1469
95
8897
13591
28740
2361
4489
9820
13409
15209
1435
847
8919
13132
2328
8931
1309
33707
1340
9888
15024
8932
2369
15168
5369
1409
37133
13551
2633
29705
9730
2358
18004
28830
189
73
1159
12168
33653
2362
9908
1725
13354
1088
629
18930
13453
13429
4945
58
1
20214
1222
15509
14512
112
1772
9625
108
1506
210
7519
8964
573
1090
3052
864
43516
275
1287
658
272
15613
24732
38517
876
26084
64076
8950
59937
42989
298
122
14859
13353
18844
15516
32696
325
10009
4301
741
27962
1523
14647
285
2526
9779
166
144
23607
9984
7609
1511
1253
1439
1509
153
24742
9943
131
8983
19685
3837
80
12605
13376
49624
357
1722
21639
24733
12681
631
23626
43801
1453
1542
61
1555
211
15487
1460
9622
6776
30549
6654
37140
1246
15159
15220
244
12945
657
763
2826
3187
2096
9096
3852
633
114
15210
639
2271
9048
2760
681
8800
17125
2905
1459
32697
231
1733
1223
10409
707
102
4612
5459
998
2546
2104
28545
12256
1196
9203
48506
4399
835
52188
228
258
249
9639
9648
263
1275
2115
182
3768
16715
7845
45758
641
4463
7487
1539
27231
1886
9671
945
15585
8917
15710
47221
1867
9752
2266
45042
25040
51
2974
3661
10097
732
196
646
8909
744
9191
2522
3901
19020
13567
296
23606
9721
32669
592
120
14925
15182
607
15529
635
1859
9652
921
1600
24926
1839
1492
665
25480
7581
689
46321
1445
16661
1075
9632
9069
640
187
18030
15905
14711
1225
11744
12370
15555
33944
138
9627
1835
33292
15420
12196
13431
20468
13281
9650
143
165
17733
2272
9690
12775
9005
4946
9656
75
2561
52
312
9613
107
186
28937
19603
1421
1144
13899
3206
1049
710
3832
2913
1187
54454
1560
101
7531
236
701
9655
24716
33734
117
20525
1433
115
24735
13455
5741
789
3066
3181
60
35413
110
324
20506
259
9620
16772
9638
14845
4404
9624
1131
3182
9305
13690
3697
9606
54545
6683
215
1791
10046
1168
30796
9451
1709
37899
9116
27743
4999
6701
678
2971
3448
13490
2851
1118
181
376
26086
32794
14928
13441
140
6984
16884
5316
123
15256
2906
12606
24319
5215
15181
4030
29
1447
14981
17746
18981
1925
9355
2854
1521
9679
15362
39898
15715
47202
1276
9389
23575
9205
20110
5437
311
43635
4424
9940
6769
764
5720
20528
656
9022
43797
20519
7607
68
8907
41528
24731
16524
15001
156
6705
9020
5264
27713
16384
41431
2863
94
12926
943
5493
14319
15193
15011
1655
2078
48435
2
8881
4062
4483
15074
999
15668
2590
7601
9716
6700
45382
9363
38140
4607
2925
9387
12281
226
116
2881
70325
118
13845
4493
1220
6765
14997
44
15167
13297
5753
328
2326
72
19
47201
13272
1474
33250
13399
61825
136
1603
1559
11800
9651
25496
30
17408
17687
9334
17912
8880
1507
15450
37209
61467
1788
5887
274
78
9662
45
9369
6159
23574
3169
43517
53687
3241
1163
3205
2099
15808
2735
67063
109
51929
5344
7479
32439
3799
