2771
18273
10142
10094
14918
9097
21820
41292
643
13381
13925
10215
10235
23770
218
15674
20518
1094
3982
34605
71336
9893
2076
16336
5248
10086
2260
12571
34841
20162
20629
32355
57158
57755
6810
4743
22637
13850
9738
51098
32815
9615
35905
1753
47216
44670
129
32875
25978
57162
4486
65156
46728
31537
66574
19067
9958
2021
26090
8941
17897
9789
1503
31254
339
65329
10070
1850
6742
56202
22129
16546
10312
38599
4025
17786
17967
26229
655
39492
2223
1343
53154
9913
4078
4744
21863
61556
13581
28671
3144
3558
41424
3207
1666
12160
4940
135
13733
14762
15490
1264
15421
53017
2132
26312
1856
13363
15877
10200
4353
2958
16396
327
9767
63609
15855
16897
1432
2462
176
19572
46732
14857
59251
9851
37163
1609
9637
18070
45735
201
15023
28804
2730
7115
9646
20869
8328
6151
9894
16353
2154
145
10063
44719
19374
43998
4366
46308
13588
38919
1065
54729
10982
1558
7197
43216
57213
1764
13232
1298
12158
4863
5456
27127
19914
16780
1252
14856
52576
183
16111
9658
5712
2684
3620
17417
60673
67994
3432
15719
50261
875
2005
5729
43859
13456
68484
3800
10502
1370
1307
38538
14887
2116
954
2136
84
3124
8927
4448
9373
45381
51630
3177
1667
21288
3995
13496
55815
170
58206
6018
13653
31966
2845
1897
50620
17014
14059
43753
21496
11801
16695
9432
41984
9887
203
9045
71564
3414
17165
2802
13450
43811
13371
21713
3259
4378
1324
39725
1219
16377
20343
11739
1669
5043
8924
38071
3988
15157
18115
2399
15587
13692
35922
12916
14653
46577
7710
15018
12951
4713
323
9612
50335
90
47648
34598
2719
33867
11834
13731
13479
20507
9409
16612
15925
8939
14712
4564
15102
56220
48510
3123
32709
30087
9715
6745
13920
16920
2858
71065
22797
7610
184
15723
49099
49857
16939
34664
18315
5763
15241
15250
15409
35018
940
13284
20841
2279
1778
28052
34761
977
16119
9098
14531
613
9855
4309
17171
15198
13246
25015
163
4492
1022
9667
4958
5486
37964
1719
54075
26760
64743
16198
13484
965
17126
52179
10509
16876
7247
15406
13895
113
269
16168
840
68069
1317
9136
15380
33778
4252
57482
9102
3
3605
1512
2529
25964
18750
11835
34014
98
16630
16474
17991
13013
13781
590
4049
43
1326
12163
19380
17907
3879
8889
15823
33347
2030
67285
9934
10047
37164
15133
15279
412
28871
13816
5574
363
127
5239
20682
14515
31624
33298
17994
37155
28559
1373
53685
194
62
3171
19698
15343
59641
16846
9614
1477
13408
31857
6779
1932
31262
5312
18042
1770
38126
52142
1134
942
16403
15083
17984
53692
9937
2890
39519
15377
2768
48476
9680
27610
4681
21537
9960
27993
14930
53
16141
13500
15067
39376
64125
15199
33509
9771
6722
234
237
8960
24898
31229
27714
5400
3828
6391
4452
6061
17804
9441
15472
30837
59623
9757
53864
16890
29877
30551
16644
1525
56566
9079
45013
14685
14882
100
654
12914
8012
41343
315
26502
22241
13615
16833
16812
2070
29197
15874
1145
9605
4943
13387
15735
50575
4733
28952
20623
13446
42834
17809
1566
30968
13361
630
28496
21497
6354
41867
1337
3522
54514
15657
15586
27709
13128
4050
2287
10065
1489
7187
3185
13055
26067
6648
647
20057
16912
9115
539
27094
54610
1135
32747
54763
47278
5640
4004
1513
12032
45928
971
29286
796
14869
33870
17898
28007
28504
14878
9962
69
1193
5467
15893
13062
10022
188
47629
61053
15299
43530
54128
1411
3230
16677
38051
48189
56207
45988
9374
1354
7629
675
15408
338
3214
14820
1720
65395
22601
33768
20517
12516
64864
5751
17909
55756
3290
21338
6666
22718
6781
31425
50
4730
17747
1992
16565
16619
12885
782
1384
9196
13160
43286
15551
22044
13599
41645
12233
960
1076
20202
1552
1087
9616
9103
16373
9643
43796
2086
65240
25455
4875
531
13140
31944
1255
17826
17070
12164
54952
21327
13230
2276
1028
134
35916
13625
15812
5514
8139
13256
65043
1596
18009
13058
15262
1805
3770
32770
685
14477
26500
24410
14943
47205
36966
14905
4699
5379
17883
256
13359
21564
16451
1587
44661
13680
4952
15431
20810
8972
13565
4885
13054
1605
3291
76
1325
15809
17807
18394
44229
4477
20740
15365
39800
722
24118
55
13576
18093
4799
61184
1545
18514
12246
19609
1524
10036
2588
16721
21287
4142
46043
13386
682
49848
27721
15481
13904
1349
1320
8921
48676
6027
9626
770
32806
3766
4993
14098
41959
45795
27734
12896
2087
6684
10085
61953
16463
13445
12798
265
21667
10057
12588
15871
15976
257
20669
17353
15397
949
21530
55152
15627
794
20526
30641
1179
12921
68656
41767
17385
9666
6791
5969
43863
34322
10560
27192
4390
15514
11090
11691
27928
5769
50875
22604
12757
16753
6026
4380
61555
33485
798
361
3843
14989
20149
1449
271
66775
18128
31717
8172
32409
9675
197
1121
1831
9686
9828
29942
25005
5783
10055
15768
45823
40269
9701
667
69353
727
13239
47042
16848
175
12239
4061
2927
1260
753
21512
4836
5759
37531
28509
9377
10010
1204
39546
14913
3771
67009
16670
12919
273
15814
15857
68402
13616
46617
22677
53478
1510
18321
57495
26514
21265
9768
13877
48502
713
26122
975
335
4491
3148
20759
69388
16534
9809
4464
18384
17054
17870
615
9018
4359
13227
13992
6004
15271
11909
16489
3086
26115
22698
47265
9780
4319
15966
45344
291
72129
1842
29035
33004
24437
15648
1417
1084
1150
245
14914
46055
12894
16583
150
5302
47075
45731
3667
1133
322
15690
61577
20419
16582
1735
3170
38136
1450
13573
13912
6544
3459
4430
16579
3159
1297
18584
9095
70328
1939
1172
801
12172
1508
39503
762
15155
8911
3178
17437
28900
130
15456
16889
66777
54929
21550
171
60122
48417
17970
9354
39483
23680
10039
10249
1758
21283
28982
8926
33783
2575
53674
81
14682
14889
10096
44616
12900
15515
17889
316
9933
34375
15895
6777
37610
12629
56645
26378
5337
6805
1690
28000
15426
12927
9302
16928
32378
287
14658
13608
41771
38530
1793
45753
9696
18072
14964
139
34461
31241
3265
913
12155
14959
1158
21375
13241
55584
4251
14879
9091
9867
2621
9875
62252
4349
27314
9654
38663
49739
29291
16621
23767
2993
9991
40600
1312
7693
3631
38741
34416
16620
11832
39764
13513
16425
3257
4717
15253
6730
9755
16187
21481
28310
8992
5214
9271
34509
2902
9689
2465
16559
15562
14855
29729
19541
14885
14538
9781
2100
28163
67064
27941
6696
28554
6677
16593
20174
13087
28684
4788
4112
12165
2290
2926
26256
241
2494
12153
3248
23345
67864
11802
3781
14757
1348
4395
27302
14080
83
32733
6673
5128
23593
12306
6650
20306
36969
16723
22672
14956
56624
16057
5728
55560
3831
282
61849
26484
60360
2293
16482
38516
43114
612
16770
5613
24393
9770
717
13794
49342
37232
885
50391
2540
4024
31391
9939
6678
23157
22111
13504
19910
41615
53893
14775
6096
1268
13795
43792
6808
15025
1884
9682
13530
20108
60121
18998
15660
1041
19660
35225
15451
53680
16998
1923
415
28568
15364
24697
27115
39443
17888
8959
23906
15229
9417
29127
9529
9400
4398
15488
57182
56284
9753
51707
1154
2230
66476
48742
1888
47649
8886
51419
51995
66969
10621
59535
4797
1327
2543
50939
9528
13236
13594
12912
9876
5378
12913
18012
1607
8935
16550
3666
736
8962
38685
51935
60973
12886
21637
5989
13864
45770
13787
29118
9785
70533
60692
28648
24211
15559
4485
8971
47
21793
10742
1502
45402
52542
26508
17782
13702
67328
50910
9845
17758
43266
5985
15356
12174
9623
14597
70791
714
35919
1383
49818
40275
43988
30171
18976
6807
42526
61270
4465
35506
28829
16342
1258
12249
16557
4648
31070
200
47210
21646
5284
3525
59599
1747
15687
1180
9007
16441
611
9220
32327
30167
10066
15212
63765
27953
4658
3655
3774
9996
15208
33808
14998
13542
14897
9677
4237
16500
13388
16350
4475
737
16927
42538
15682
8851
47268
9951
21699
351
43524
13392
71778
8966
15203
7502
18621
35429
4476
299
16436
12154
67280
9209
56224
21681
27197
14938
205
9810
27773
10172
50301
895
1912
43519
972
18280
18959
44674
64914
16475
15703
3200
10750
276
9922
34585
1724
20074
15873
44618
18368
34797
42625
4471
61271
1458
15453
48811
47559
5669
6464
15170
9725
3625
191
23651
2772
21311
16741
30584
60970
2246
48
41874
55662
58231
14686
15008
2866
30166
89
198
142
17214
31161
48464
15948
9628
221
16408
399
15578
28196
49481
2402
15034
60164
12
45826
16406
11008
2286
20649
6680
15992
1248
9063
20848
13373
626
35021
10099
4356
16617
23649
45776
34314
9053
65305
160
32653
45757
1803
60429
9909
2577
31489
50410
2798
67902
10207
16472
28954
13421
50376
14191
58157
46616
37628
1454
16150
14514
350
55437
16387
12176
26138
24247
141
17735
12933
22766
70984
704
9077
34709
9815
5069
2291
37223
9668
17843
2241
15217
6483
27733
24278
214
31079
41566
34286
1738
7146
395
12888
125
30431
828
16871
34453
68571
4837
9039
1238
15589
2481
2446
653
3428
85
9837
9663
10146
792
4394
3397
12179
887
17732
15819
17980
1883
15495
43016
15238
20515
12915
15150
247
15965
17835
984
9703
1128
9208
64916
132
8918
3039
26018
14645
22161
13523
4947
4039
2033
279
15647
16364
33766
2000
3274
26105
344
990
220
9787
2110
20106
31167
12959
14675
17755
43842
14984
17267
6660
52458
34670
9805
14652
9192
9010
61273
21655
99
34997
20647
25486
71251
42100
46146
16003
51631
9181
7194
13238
36970
2003
15418
15890
4063
2788
16683
3209
35340
9155
622
9364
27514
48480
86
56703
28348
26098
8784
7578
15312
12925
6058
14173
25061
53890
12918
24158
900
280
23637
16525
38702
43606
3601
1730
1334
9175
32261
13691
5678
9015
13365
46810
12667
34692
24734
22662
13820
920
26121
15186
13814
5276
8804
624
278
16360
1674
49387
13506
12898
50907
1654
7164
2864
93
6726
1418
10500
51972
202
50888
53677
17965
13407
32721
37217
15125
16826
16717
28478
2888
70647
1481
16211
58143
747
6659
36963
16914
24729
32914
2871
14866
16598
15600
3532
1863
1426
59089
28056
44386
42953
27641
56198
321
18669
934
230
61264
27724
317
642
4665
1516
6647
6133
42917
32671
33091
25460
21631
11852
666
77
6315
209
14513
67398
2128
31224
8933
25518
1382
3167
4655
3590
16415
53495
16822
31012
21782
637
2908
15580
18557
34646
4023
27990
54925
33779
3026
2886
10199
9190
9267
225
2544
50299
37508
14954
224
9388
30165
4870
13099
4077
43379
33464
20026
7453
34742
29822
178
47219
11
9792
16767
5331
4123
8947
3987
28807
64972
63000
14174
16838
35205
13190
19544
2111
6767
16991
2333
2022
7628
4071
6681
13532
43786
30301
3947
845
3429
38364
12229
15753
45019
5216
627
5050
51599
22138
10004
13379
9038
9553
9907
15832
5461
27730
2038
331
7719
17945
255
1341
252
13133
1114
745
88
39436
9644
14640
13546
12181
38537
33864
9604
65466
15654
17757
61268
68086
9723
13369
15470
4288
8778
217
42298
42456
751
15696
1387
15582
50379
9881
6665
40306
13434
17743
15000
12908
8955
16984
22207
15016
9659
16395
1242
41189
3434
2141
32735
14892
43525
30168
4003
23196
1120
8988
2235
45729
21730
10049
12019
41364
779
4387
65852
6685
51980
1993
14693
34426
22690
593
2724
4821
40014
28710
43802
15003
9811
9407
56792
42657
8244
18943
18954
8900
18919
3183
19039
15288
62017
3887
1224
12897
9379
1872
1813
6739
42899
18021
9948
3621
57003
33512
4605
17927
648
17737
61981
16680
2885
28680
16790
52053
1427
3304
38546
15524
12157
9631
16609
383
17010
1396
42251
662
16740
31964
16690
13913
9647
4338
12524
3985
4950
157
67989
35918
13417
30835
4345
42139
124
9709
10281
14909
15065
46165
23142
9791
2804
14922
1478
13253
1896
1115
15243
50653
10494
4034
15161
3845
22836
3449
56056
9822
2170
22851
30667
2571
40000
25589
3849
15247
34429
15638
18738
674
168
16652
64307
61405
14789
50382
54324
243
2578
50581
51928
15478
44046
28835
13645
32720
25298
1538
34310
30996
9607
2129
21701
34007
2490
1493
9391
15629
13243
13918
5368
13612
1812
58772
16992
17083
3853
46268
5888
9882
6728
15266
32673
16788
6723
1101
53684
24915
55903
17794
1359
17681
44442
7509
26036
3574
4597
13079
14208
11565
19657
34470
740
26089
62885
16381
58919
1164
24715
33539
173
52556
30178
5962
20709
20006
583
39470
23595
50655
20046
31370
5324
13654
71
16429
13699
29036
270
13101
12716
17879
10765
708
9669
49895
31336
4187
22737
15046
16492
21899
17859
996
33791
12166
9699
4018
3743
15223
3176
13677
2525
2625
1704
1081
18019
2107
64543
2879
1443
20448
15374
43028
13598
1319
15640
48401
35345
9754
15073
2394
6832
26119
24952
14632
12795
14178
15512
23648
5313
105
32246
34412
21510
1213
5315
3813
15880
26253
64871
4121
12734
4020
54460
15078
2697
1036
26461
3082
3426
34
24818
1748
3046
9433
57778
19595
17776
1152
15702
3224
6506
827
20512
53910
46130
38072
30191
22606
9617
15491
21889
3279
12406
15744
35502
9782
755
10656
6175
55731
53496
22656
15022
2085
3431
38763
19158
15108
64932
4000
24714
126
1997
57487
45168
694
2816
13439
16392
33811
12928
3683
42
51969
33294
24869
20319
9357
3236
16750
1399
6682
51936
23900
24730
39
47206
43999
16696
42312
13656
56185
9839
33402
53333
16448
32748
11891
12425
22067
617
29871
14778
4647
15510
54034
17371
12156
35280
20360
4944
2919
13527
13440
17862
5717
7543
6748
53663
31251
17795
11673
9347
13097
44131
604
1861
65455
46045
18605
17282
18039
31243
50192
28275
49121
16894
48463
44615
13060
9198
17003
4867
13410
9885
62919
25461
43626
15175
1787
9657
13125
1096
16444
5310
223
13457
32966
50380
1465
33002
50657
16515
1496
1322
5021
1726
20674
1643
5102
39531
28549
11768
1335
54583
13157
605
5831
1801
32700
15673
17738
13634
3321
24285
15917
67
3517
13544
1221
40132
19611
17902
62647
2273
23647
670
26184
46614
12930
6092
97
15921
9684
5577
41443
34925
42885
29961
9719
6111
4388
9874
5767
5317
32972
46041
63602
27098
17169
164
3116
55353
28315
9649
36351
2294
41135
9800
9359
20635
16834
688
6687
1282
6815
232
10518
14911
816
45648
42606
1922
4951
28311
9013
64364
16052
6784
9420
32698
16547
33732
22675
13336
19545
6738
1404
32354
31746
32547
9729
1083
64981
9202
59
242
14945
45080
1519
659
31242
1331
3783
4074
7910
2055
17997
8923
34812
21305
13922
10314
18075
35038
28338
61285
9134
34577
781
12608
15701
14733
6039
20090
10230
14725
16872
15528
57
4289
20054
14990
38521
38643
34324
44478
375
44122
40678
3892
28153
3715
53620
6238
22115
42986
6398
32675
44562
21280
20233
12045
757
5525
16522
13416
28570
4027
28825
9670
9824
26354
18560
1991
15896
9056
65387
23150
24736
2891
54208
15926
33710
41539
1469
10141
12747
44681
195
4829
34402
95
9629
8897
4712
10128
19549
42774
40462
39935
8914
1199
40006
13591
28740
804
34505
21648
2361
4489
2873
14810
23223
9820
17877
721
13409
15209
1435
15901
16639
1080
847
20160
71615
43831
31931
12911
53698
33715
11736
32765
6736
9987
3372
4021
28168
3174
16488
24360
26012
43850
8919
15257
13132
2328
8931
2865
34487
9961
1309
2897
34611
33707
1340
9046
5953
9888
33759
15024
4082
8932
2369
1561
45840
17586
2572
15168
61348
21557
10112
15228
58947
64910
4215
1033
24827
3487
1304
2921
66
13366
4714
15930
13618
25190
2794
254
5369
1409
691
37133
9634
32351
874
849
623
38723
26794
31901
13551
2743
2633
4805
29705
9730
4781
18602
41536
2358
18004
47269
1721
35142
3870
10076
14942
15739
6801
9722
16711
16298
2252
21071
19320
3266
28830
9727
1573
20263
2314
56591
189
60698
15542
67295
53876
73
16080
68063
1350
13901
43995
1159
21593
16454
12168
44947
49633
4942
797
2992
33653
13735
13571
347
2362
34846
17930
4763
19055
31220
9908
12170
16749
3559
1725
67912
13354
6717
51786
1862
46423
4180
1217
68451
29073
13734
9825
1088
8834
42627
13357
15345
629
30067
13052
1919
18930
13453
13429
4945
2935
21480
13834
56067
58
1
20214
103
43881
1222
15509
28212
28728
53661
3928
14512
35904
112
33960
1761
1772
18600
12920
9086
9625
31152
696
32906
108
922
61316
15475
13488
3819
2275
609
2700
28550
1462
56625
26652
12924
23174
6023
3779
1921
13428
3869
41995
6749
4242
2101
16641
1506
210
52013
11670
7519
8964
573
15350
3699
13694
1971
2769
49975
33873
1090
56573
6747
34760
2499
68630
3052
34710
24821
3763
864
43516
275
15533
1287
658
11561
272
15613
13362
9418
819
26236
43785
46807
61328
1740
25035
5187
24732
38517
606
5332
16060
26395
876
725
26084
18977
3876
9129
38513
13465
10208
610
4416
55098
15261
34645
177
64076
21840
66737
45400
8950
10531
8963
39455
59937
42989
63579
4402
13397
45769
65871
1314
68094
2035
298
28066
5756
122
16694
18335
14859
1085
18852
2922
13353
15985
18844
9758
15516
12322
15295
32696
17073
325
50405
10009
9694
4301
222
44614
45404
741
16428
65389
16407
39453
15822
1796
883
27962
2112
60232
5990
1523
13524
39488
1869
14647
285
2859
24113
4637
2526
16071
5448
343
37145
9779
9128
1261
16974
166
47266
13367
55461
16356
144
68605
23607
19648
4006
13698
9250
41
7579
14908
5304
5463
38540
9984
9337
7609
28312
1511
1253
66333
1439
4941
10023
13613
59588
1509
2094
153
37961
29480
636
13295
24742
9943
27835
131
1990
18916
9862
9645
2674
46888
17904
62087
62848
15072
16674
21021
8983
28201
1692
27738
19685
1483
3837
45722
49149
80
32302
2449
11812
9406
16765
18456
41873
15093
12605
16698
13376
15769
10025
32137
4731
6671
13485
32363
4372
430
47211
3563
49624
357
4894
20218
15236
16945
24536
1722
15664
7577
1849
5899
3526
21639
1321
9840
32719
24733
9641
4033
13474
69005
30254
13427
6744
42531
14978
19998
15527
10017
4652
71997
2764
4299
34442
12681
17972
834
13950
9372
67139
3842
60096
19969
5791
8
18821
264
24500
16828
13854
2400
631
50882
28560
23626
16779
27611
22679
21538
43801
13414
1453
1542
4013
2923
2122
1136
61
2678
37156
17323
16423
1555
211
15487
4765
2393
1460
15494
61512
9622
6776
13553
2443
15100
4411
30549
19044
4262
6654
37140
9635
15164
45884
21500
1246
15159
15220
4649
1192
13732
15396
9977
4994
67988
2878
244
57219
67071
30336
12945
1273
12574
3807
398
15165
67061
13579
657
13554
11836
204
763
15553
25511
47597
28859
2826
16465
69895
6783
2184
12944
3187
5670
13374
49122
2096
16462
20123
21094
15736
3269
10533
57472
9096
3852
12917
633
32636
41633
66831
57502
13738
20634
114
148
6176
66600
16716
15482
14660
18573
4382
49367
10204
15210
16433
639
15575
2271
34015
16037
34856
6689
17881
38531
13412
3591
888
9916
9048
2760
681
1520
8800
17125
392
2905
966
16588
17172
1459
1633
52446
32697
21898
8938
9611
231
1733
12401
251
20011
1223
10409
66243
13086
2289
43793
9898
46771
21386
34659
15532
9790
707
9145
8866
3270
3016
16686
4369
4818
6695
15172
9835
102
15237
50412
23653
47798
14581
4612
5459
15021
31001
3235
998
4376
290
6969
29155
16438
1122
2546
2104
28545
13535
4684
43840
12256
18599
33892
1196
4896
9203
1381
1494
55753
48506
13069
46052
4399
15968
835
286
56628
47592
52188
14673
2392
16309
754
13443
69937
228
34023
27970
44987
258
58212
249
15566
8920
21562
54022
45932
1295
47600
9639
40279
4644
52775
9525
812
9648
18735
47989
28909
19664
57816
1342
263
1275
15109
13818
2115
7993
87
909
15610
4101
4335
182
60398
3768
55491
47348
64881
13477
13842
62500
48820
13098
15867
71478
9816
4830
2412
16715
1452
7845
32241
9774
13906
1161
34510
1175
13923
13464
16065
12903
4076
16512
13154
45758
8898
27615
660
341
641
27725
68040
15129
4463
31625
15757
7524
7487
50733
34501
60819
15029
111
30695
1539
5436
1672
711
14668
27231
9055
1886
45393
14299
43377
9356
9411
30021
9633
12227
29955
9857
16678
4217
841
3356
5684
9671
42553
37128
3786
2899
38917
57584
4047
16899
33813
945
5784
3735
28512
31256
8998
31945
16046
57367
53805
915
15585
19716
23605
31013
1617
41425
5107
16495
8917
9552
504
54194
17948
4771
18863
2504
15738
5760
49733
1367
4306
15710
47221
1867
69651
14893
4295
13640
16836
48546
9619
1767
21302
3220
36967
9752
9975
33597
1146
6056
1166
53700
16986
26172
16725
7515
28980
2266
45042
4412
15932
15574
2485
16796
56097
3571
33433
50654
25040
15383
155
45784
17854
57148
13609
51
34580
39596
4732
26756
38731
22364
5457
9692
17734
2974
13396
39970
388
28563
16581
34671
15184
30550
3661
17977
34456
10097
64777
732
44565
9733
19122
9952
1804
1504
196
2680
15452
5940
8928
646
60266
319
56214
8909
744
17969
27711
29901
22629
4344
34922
51937
9191
2522
13056
3901
13592
2253
64860
7038
5671
10072
9813
1277
12715
35946
10003
19020
20049
16710
15891
13567
22680
23205
106
3765
15062
1533
53580
759
28444
296
5663
27536
34488
40307
23606
19579
2410
25593
5309
45815
29991
38123
1415
41137
1631
12042
21649
14542
15918
9721
25456
62949
37960
17831
12231
2143
32669
9965
6866
2359
37149
592
15205
120
43795
59601
329
12205
66962
8891
49256
14925
6718
1442
13289
47271
52611
20178
12892
49784
15182
53688
38119
18901
58766
5376
18087
607
1543
8844
10058
45797
16733
15529
635
35034
1859
9014
67862
1695
368
47590
59589
52670
4494
25973
2050
34013
9884
5691
6965
53697
9652
20130
10148
14992
15774
50612
921
15071
12601
1600
24926
1839
1160
1492
665
39663
3745
13158
22876
25480
2934
35475
7581
2862
35305
689
34431
5049
10537
60440
46321
22622
25520
1858
1445
28723
1446
16661
1075
21858
1141
12073
9632
8915
9069
385
4560
640
15006
15351
8975
187
18030
4478
726
15905
28432
9773
44722
14711
3412
1225
15091
33511
11744
12370
9621
15555
17168
33944
42978
138
9627
52066
13380
50259
24754
16806
38735
174
20051
1305
18790
29335
2024
23363
3847
13536
1835
6655
54080
6688
30801
5616
33292
47209
3785
5570
2187
4878
9731
9793
45917
37754
5249
9693
17833
17006
59428
16738
48470
3188
16506
20153
27179
15420
7863
1589
12196
16477
15545
8982
48602
5745
16707
13431
2568
939
17159
5503
12887
17729
16531
50639
1182
41862
20468
16784
49582
14717
13281
17015
44412
42023
18913
10175
55104
20107
11576
21733
1140
13516
9650
41550
16351
1816
143
1798
18908
46095
165
20276
17733
33920
1162
55858
18925
2272
54581
51659
48261
9690
3131
13358
16632
15130
57126
14783
19600
19041
27186
12775
1077
9005
15423
15636
27728
16839
4946
9109
6405
9656
39446
75
9812
8659
31960
6818
26901
5258
2561
4522
30248
22625
16726
16049
12321
35032
38534
16851
52
312
34775
31163
9613
12895
107
186
31004
46427
16633
1336
28937
33806
34323
23913
19603
4271
15468
5365
1421
16526
30011
5443
7
1380
13557
17860
1144
3482
15462
43791
17068
9895
37708
9618
4346
67091
2579
3179
31881
1663
13899
22139
3206
13587
1397
676
15218
9297
1049
710
3832
33769
2913
1187
21790
4036
24463
4948
54454
34351
13467
17326
1560
16414
1245
2288
101
7531
14761
55655
21563
34496
236
5702
57357
1410
9368
16732
53759
17842
56243
3872
13476
20132
13549
48805
34305
71995
29823
701
9655
54615
24716
3844
8019
26057
34061
4389
33734
2237
33040
117
43890
56639
20525
8999
52962
9187
49577
10293
1433
17851
35920
1126
7849
54529
3935
62089
2153
35945
1984
115
9107
16374
16747
5788
14014
21807
20085
24735
27707
2274
51078
13455
13547
13260
49146
465
20179
13511
37321
17060
3750
52133
5741
20200
789
3066
41250
16375
4822
18010
15860
53007
22330
29933
53834
13364
15416
45969
3181
10083
9414
53705
10608
13494
15221
25039
60
10202
3469
57585
5568
931
14715
2519
62576
35413
1239
853
110
68477
324
37151
18484
1581
20506
12948
3437
16029
259
1951
15185
3166
9640
17778
22602
9620
34213
13707
24820
16772
12793
219
9638
14845
42299
54428
52377
38325
54226
25050
14661
62594
39508
20388
24876
13821
15293
5295
8838
20858
805
16844
15206
15568
21847
27708
14890
4404
15300
6772
54681
32699
38065
6035
29284
9624
1131
64416
16237
3182
4682
9305
50523
9969
22693
28452
21301
13690
43764
14858
2518
31040
13419
3697
9606
9139
8981
13400
3444
16859
1773
31373
50772
1464
54545
3754
14851
57372
4337
18516
27716
57613
21485
5922
17613
3075
5407
6683
15835
5454
215
2513
355
3803
38710
9221
12012
1791
16824
1649
28571
31159
23628
10046
45613
7137
13910
45922
63079
3860
44592
7621
34899
15698
60399
1168
19164
9376
14613
18025
16510
29940
33488
30796
13437
5875
16669
13515
57635
31166
1374
62430
37222
356
35443
9451
42086
268
40594
1709
12817
37899
17704
25193
13459
9116
27743
15239
39445
2356
16646
42210
10005
3718
9941
12283
4999
41979
6701
281
59271
56992
678
14743
60668
70509
2971
3448
6625
13490
2851
62366
64862
20505
13438
1118
2420
30978
22356
181
376
26086
12725
1809
985
56802
1937
250
13349
54011
12265
53338
2164
57776
46671
938
21492
61326
32794
67142
13857
147
15467
1281
16691
14928
42963
238
34828
31442
26136
53813
13441
14796
2637
23941
34372
43798
16359
16877
28658
58768
21320
140
15806
16629
15135
1254
6984
16884
1385
12261
5316
34826
15177
1784
123
15256
37979
2906
30607
20665
27683
6743
12606
52527
40299
24319
14115
5215
15181
26160
56482
20292
4030
68737
19553
43805
29
1447
14981
7472
17746
897
43940
1739
39452
68300
15557
9288
4796
23726
18981
55581
6668
1925
55840
3681
16170
21298
60118
62437
9355
1657
2854
62701
1521
26120
12932
9679
29290
34631
10203
5824
15362
33568
45604
5710
3934
16730
31240
14927
9110
13810
71951
2750
60874
9953
6737
61093
37736
39898
16594
38181
31176
15715
334
3456
35921
20763
14461
60348
10326
43911
10033
9346
10524
65062
52320
2103
47443
59084
2360
18986
292
28016
43332
1495
9133
47202
67232
57510
6771
6690
15305
17771
41639
2608
2373
5217
15496
19617
25961
35282
1276
1306
31633
297
27925
4304
32657
18935
3354
9389
18506
863
15717
64739
23575
3986
64396
9205
13801
43804
56597
20110
5437
16756
1505
311
15712
10087
52754
1457
43635
4424
60126
9940
6769
27236
34912
367
6947
764
6657
5720
52935
2102
20528
5742
9358
22831
12890
43823
21686
28565
20065
52060
8846
656
27947
62927
6402
9022
29939
43797
12707
22699
26117
20519
22642
3436
6795
7607
25030
7633
2088
1408
46450
68
60154
18177
23599
34578
13585
26919
8907
2861
1430
41525
41141
3378
12694
2079
51070
41528
39326
5472
6732
47450
625
24731
14106
16524
3418
34656
35508
5213
15001
156
43875
22174
43637
21696
15596
3944
22329
788
3467
5906
320
20089
13736
42080
4558
16016
15813
13355
6705
9020
1983
59274
5264
17875
32545
1945
10131
45199
13674
12622
45124
31908
48943
27713
10371
4537
6649
17245
9360
724
16794
15010
21571
31186
10216
2831
16384
11929
27891
41431
58953
2893
2863
1424
13848
94
12926
21369
943
1668
303
13704
6715
18622
3851
5493
12182
65319
18108
59741
578
13266
14319
25985
61977
43528
16592
580
43769
37962
1412
13534
16366
15193
15011
10068
16610
24490
15107
10209
1353
9149
3677
31193
18656
1655
24455
3360
12581
618
42065
1768
34990
9609
2078
34047
52735
56748
8884
13593
18617
2514
3060
12750
15851
12729
9877
13415
42871
14917
48393
23912
17730
2736
48435
24652
4750
40911
20790
44075
1079
41814
16637
1124
2
38963
60248
14923
4487
34455
4977
8881
13413
4954
4062
69276
39451
596
34556
13473
4483
15074
14495
24312
57195
999
15668
6369
17784
14148
4674
1428
3006
2590
44050
158
15424
7601
34368
9716
34686
7488
48248
661
49795
67299
1484
15196
50738
4370
47273
6700
21112
1960
2155
2537
20222
10197
38166
1658
34786
17901
27996
15464
46414
3468
8356
45382
16742
1741
9363
38140
4607
16827
2925
1771
63067
4016
20347
16540
1283
13200
9351
17740
20684
64
9387
10316
20014
4865
22855
12281
226
3706
79
3696
64874
5764
33293
116
4937
3838
9697
15176
41602
25475
49879
807
13785
2881
70325
118
8952
13356
16358
13105
38070
46042
55786
13845
12792
17632
12305
16199
60719
8980
41565
4493
39947
33770
14931
22650
119
44617
27324
1220
6765
31063
27181
22164
14997
956
9819
44
2916
1195
9903
13908
4419
1392
26156
22673
41652
15167
13297
18052
6652
18045
34928
67138
9381
5753
14868
2081
38357
33299
328
25131
2326
38389
15571
57239
52990
72
25509
4806
19
5415
43662
47201
240
13272
1178
1474
53824
18620
39450
33250
1045
13399
61825
6714
40574
13338
23755
136
728
3848
19547
16803
1603
2106
9375
13641
3308
41644
756
3767
14202
15291
6272
32254
302
35800
1559
35347
50946
3486
32989
11800
15677
60092
9651
49359
25496
34319
3918
29563
30
33447
8925
767
20685
6250
692
17408
17687
9384
749
9334
4011
17563
48407
53998
14952
17912
8880
16118
5330
20481
6693
4810
53707
16143
51420
1507
33788
45949
15450
37209
61467
61628
18961
67040
21679
2277
330
12180
20423
18907
1788
16317
6814
35098
47050
34170
18003
3483
17796
5887
274
1751
20128
17021
5988
6291
620
10130
48066
78
15240
9769
27897
47288
48469
13292
34706
9662
32695
2573
45
27800
64769
5323
10157
9762
1480
3435
32564
989
24457
50331
39481
55755
9369
4679
43607
1802
40203
16416
267
16417
31036
26269
6159
13892
18968
4085
314
30180
32968
4949
9765
62582
1994
53334
20016
41434
9873
18904
20044
13575
46083
23574
3169
58414
21491
16541
13934
43517
53687
12161
28313
21632
70011
6370
23715
4747
4374
69994
42141
42582
10595
5469
1024
295
4755
29322
3241
13520
14852
55113
32703
5388
34315
8906
1296
1163
15154
2407
3775
4921
9642
3205
2099
795
70502
36972
15808
13728
2735
50304
47455
56313
1197
67063
16813
65233
1579
71321
109
54008
14988
9911
730
55597
15915
51929
1737
18614
5344
6778
4791
7479
15020
32439
41662
42890
44607
15400
3626
3799
