13381
23770
218
1094
2076
10086
20629
31537
4025
327
9851
9637
201
28804
145
1065
10982
57213
1298
1252
3432
3800
170
9887
203
1219
11739
12916
9612
90
11834
30087
14531
13246
163
3
98
13816
14515
62
9614
9937
4681
14930
16141
9079
100
654
1145
9605
4943
13387
1337
1489
13055
6648
1135
69
188
338
6666
6781
50
17747
9616
2276
1028
14943
47205
4699
1587
8972
3291
76
55
12246
1349
8921
770
12896
265
949
9666
11691
12757
14989
271
197
12239
4061
1260
4836
713
1084
1150
245
150
1133
1735
3170
4430
801
8911
28900
130
171
10249
8926
14959
9654
23767
5214
12153
1348
83
38516
13794
2540
4024
9939
13795
13530
1041
415
24697
9753
1154
8886
13236
12912
47
5985
200
47210
611
3655
9996
16500
4475
13392
299
276
5669
89
198
142
28196
12
6680
1803
16387
9668
6483
214
125
2481
9663
12915
984
9703
15647
344
220
13238
1334
13365
920
6726
10500
37217
747
16598
934
21631
666
1382
3167
14954
178
8947
845
2038
331
1114
88
1387
17743
4003
8988
779
593
8244
3183
1224
648
662
13913
9647
124
1478
10494
2170
9607
4597
173
71
9699
2525
1081
43028
105
32246
5315
1036
1748
9782
755
24730
47206
11891
617
29871
5717
7543
6748
17795
1861
18605
1787
5310
223
605
3517
1221
2273
97
5317
2294
1282
1922
9729
1083
59
242
659
57
375
42986
21280
24736
1469
95
8897
13409
847
2328
8931
1309
9888
15024
15168
2633
9730
189
73
1159
12168
33653
2362
9908
13354
1088
13453
4945
58
1
1222
14512
112
1772
108
1506
210
7519
8964
1090
3052
864
43516
658
272
24732
38517
26084
42989
298
13353
32696
325
4301
1523
285
2526
166
144
23607
7609
1511
1253
1509
153
131
80
12605
357
21639
24733
631
1453
61
9622
6654
15159
15220
244
657
2826
114
15210
639
2760
681
1459
32697
1223
102
4612
5459
28545
1196
4399
52188
228
258
249
263
182
4463
9671
945
15585
8917
9752
45042
25040
51
2974
196
646
744
9191
2522
23606
9721
120
14925
607
635
1859
665
7581
689
1075
9632
640
14711
1225
15555
138
9627
1835
33292
12196
20468
9650
143
17733
9690
12775
9005
4946
9656
75
52
312
9613
107
186
28937
19603
1421
1144
3206
3832
1187
101
236
9655
24716
33734
20525
115
24735
5741
789
60
35413
110
20506
259
9624
3182
9606
54545
6683
215
10046
1168
1709
678
3448
2851
181
376
32794
5316
123
12606
5215
1447
14981
15715
9389
311
5720
20528
656
20519
68
8907
41528
24731
156
5264
27713
2863
94
12926
943
48435
2
4062
4483
999
2590
7601
9716
6700
226
2881
118
13845
4493
13297
5753
328
2326
72
47201
1474
136
11800
9651
30
9334
1507
61467
5887
78
9662
45
23574
3241
1163
15808
67063
109
5344
7479
32439
