18273
14918
9097
41292
13381
23770
218
1094
2076
5248
10086
20629
57755
22637
13850
9738
51098
9615
47216
129
32875
57162
4486
31537
8941
31254
10312
4025
655
4744
13581
41424
3207
1666
13733
15490
1264
2132
1856
13363
15877
10200
4353
16396
327
15855
1432
2462
46732
14857
9851
37163
9637
18070
201
28804
2730
7115
8328
145
44719
4366
46308
1065
54729
10982
1558
57213
1764
13232
1298
12158
5456
1252
5712
17417
3432
50261
2005
3800
1370
1307
38538
14887
954
2136
3124
8927
4448
9373
21288
3995
170
6018
1897
11801
16695
9887
203
9045
17165
13450
43811
3259
4378
1324
1219
11739
1669
38071
12916
15018
12951
4713
323
9612
50335
90
47648
33867
11834
20507
4564
3123
30087
9715
6745
13920
2858
184
5763
15241
15250
1778
14531
9855
15198
13246
163
4492
9667
4958
1719
16198
17126
13895
113
269
3
3605
1512
98
16474
13013
13781
590
1326
8889
2030
67285
9934
13816
5574
127
20682
14515
37155
28559
62
9614
31262
5312
1770
1134
942
17984
9937
48476
9680
4681
21537
9960
27993
14930
16141
13500
15067
15199
33509
9771
6722
234
27714
5400
53864
30551
16644
1525
9079
45013
100
654
12914
8012
315
13615
2070
1145
9605
4943
13387
15735
4733
13446
42834
1566
30968
13361
630
6354
1337
27709
13128
4050
2287
1489
13055
26067
6648
20057
539
27094
54610
1135
32747
5640
4004
1513
971
29286
796
69
1193
5467
10022
188
43530
338
1720
22601
33768
12516
5751
6666
6781
50
17747
1992
12885
1384
43286
13599
960
20202
1552
1087
9616
9103
9643
43796
1255
12164
21327
2276
1028
13625
8139
13256
1596
18009
1805
685
26500
14943
47205
14905
4699
256
13359
1587
15431
8972
13565
3291
76
1325
17807
55
18093
4799
12246
2588
16721
4142
46043
13386
682
15481
1349
8921
9626
770
4993
14098
41959
12896
2087
13445
265
12588
15871
257
15397
949
794
12921
9666
6791
43863
34322
4390
15514
11691
5769
12757
6026
4380
33485
3843
14989
271
32409
9675
197
1831
9686
9701
667
13239
47042
16848
175
12239
4061
1260
4836
5759
9377
12919
273
1510
13877
48502
713
975
9809
17054
13227
16489
3086
26115
47265
4319
1417
1084
1150
245
150
45731
1133
1735
3170
4430
1297
801
1508
8911
3178
28900
130
15456
171
60122
23680
10249
1758
8926
33783
53674
81
15515
17889
9933
34375
6777
37610
26378
6805
28000
12927
16928
287
13608
41771
38530
9696
14964
139
3265
12155
14959
13241
14879
2621
9875
62252
27314
9654
29291
16621
23767
1312
38741
16620
11832
13513
16425
3257
15253
9755
28310
8992
5214
2902
9689
15562
19541
2100
67064
27941
28554
6677
16593
20174
13087
2290
26256
12153
3248
11802
3781
1348
14080
83
12306
6650
16723
56624
16057
282
2293
38516
612
9770
13794
50391
2540
4024
9939
6678
23157
13504
19910
13795
6808
9682
13530
1041
15451
16998
1923
415
24697
27115
23906
9529
57182
56284
9753
1154
2230
8886
10621
2543
9528
13236
12912
8935
51935
13864
29118
28648
24211
4485
47
1502
52542
26508
13702
5985
15356
12174
30171
18976
42526
35506
16342
1258
4648
200
47210
21646
15687
9007
611
4658
3655
9996
16500
13388
16350
4475
42538
47268
351
43524
13392
15203
18621
4476
299
27197
14938
205
895
972
18280
276
9922
15873
44618
42625
1458
48811
5669
191
23651
2772
16741
48
41874
14686
2866
89
198
142
399
28196
15034
12
6680
1248
13373
10099
160
32653
1803
2798
10207
16472
37628
350
16387
24247
141
12933
704
2291
9668
6483
24278
214
125
30431
34453
4837
9039
2481
2446
9663
792
3397
15819
1883
43016
12915
247
984
9703
9208
3039
13523
4947
2033
279
15647
3274
344
220
2110
6660
9010
21655
99
9181
13238
36970
15418
2788
16683
3209
622
27514
86
8784
7578
12925
12918
900
280
16525
3601
1334
9175
9015
13365
24734
920
49387
6726
10500
37217
15125
16826
1481
58143
747
36963
16914
24729
2871
16598
1426
44386
42953
56198
934
61264
317
642
1516
6647
21631
666
77
209
2128
8933
25518
1382
3167
31012
21782
2886
9190
225
2544
50299
37508
14954
224
9388
29822
178
47219
11
4123
8947
3987
6767
6681
13532
30301
845
3429
9553
15832
2038
331
252
1114
88
9644
13546
12181
38537
9604
4288
217
42298
15696
1387
17743
12908
8955
41189
30168
4003
8988
2235
10049
779
51980
1993
593
2724
4821
28710
43802
15003
9407
8244
8900
3183
15288
62017
1224
12897
9379
1872
1813
6739
57003
4605
648
17737
28680
3304
15524
383
662
16740
13913
9647
12524
4950
42139
124
23142
9791
1478
13253
10494
4034
3449
9822
2170
2571
3849
34429
15638
18738
168
64307
61405
2578
15478
28835
25298
30996
9607
2129
34007
2490
1493
5368
1812
9882
6728
17794
1359
17681
26036
3574
4597
1164
24715
173
52556
5962
23595
20046
31370
71
16429
13699
13101
9669
31336
15046
17859
33791
9699
4018
3176
2525
1081
2107
64543
43028
26119
24952
15512
23648
105
32246
1213
5315
3813
15880
26253
4121
15078
1036
3082
24818
1748
57778
19595
17776
1152
827
38072
30191
9782
755
15022
2085
38763
19158
24714
126
694
16392
12928
42
3236
1399
6682
23900
24730
47206
11891
12425
617
29871
4647
54034
12156
4944
13527
5717
7543
6748
53663
17795
9347
1861
46045
18605
13060
4867
13410
1787
9657
13125
16444
5310
223
13457
50380
1322
605
1801
32700
13634
3321
3517
1221
19611
2273
23647
46614
97
9684
9719
5317
32972
27098
164
9649
2294
9359
688
1282
232
816
1922
9013
6784
9420
32698
16547
33732
32354
9729
1083
59
242
14945
1519
659
2055
13922
18075
28338
61285
12608
15701
10230
14725
57
14990
38521
34324
44478
375
3892
6238
42986
32675
21280
12045
757
13416
28570
28825
9670
26354
23150
24736
2891
1469
95
8897
40462
40006
13591
28740
21648
2361
4489
9820
13409
15209
1435
15901
847
12911
11736
6736
9987
4021
8919
13132
2328
8931
2865
1309
2897
33707
1340
9888
15024
8932
2369
1561
15168
58947
1033
3487
66
13366
13618
254
5369
1409
37133
9634
874
849
13551
2633
4805
29705
9730
2358
18004
3266
28830
1573
189
15542
73
13901
1159
12168
49633
4942
33653
2362
9908
3559
1725
13354
9825
1088
42627
15345
629
1919
18930
13453
13429
4945
21480
58
1
20214
1222
15509
3928
14512
112
1761
1772
9625
108
2275
1462
56625
1921
3869
4242
2101
1506
210
7519
8964
573
1090
34760
3052
864
43516
275
1287
658
272
15613
13362
43785
46807
1740
25035
5187
24732
38517
876
725
26084
4416
64076
66737
8950
59937
42989
4402
68094
2035
298
28066
5756
122
16694
18335
14859
1085
13353
18844
15516
32696
325
10009
4301
741
39453
27962
60232
1523
13524
14647
285
2859
24113
2526
343
9779
166
16356
144
68605
23607
7579
9984
9337
7609
28312
1511
1253
1439
10023
59588
1509
2094
153
29480
24742
9943
131
1990
9645
8983
28201
19685
1483
3837
80
2449
12605
13376
15769
6671
13485
3563
49624
357
15236
1722
7577
21639
24733
4033
13474
6744
4299
12681
13950
67139
19969
18821
24500
631
28560
23626
43801
1453
1542
2923
61
1555
211
15487
4765
1460
15494
9622
6776
30549
6654
37140
1246
15159
15220
4649
13732
244
12945
12574
3807
398
15165
657
11836
763
47597
2826
16465
2184
3187
13374
2096
15736
3269
10533
9096
3852
12917
633
13738
114
148
15482
14660
4382
49367
15210
639
2271
3591
888
9048
2760
681
8800
17125
392
2905
1459
32697
8938
9611
231
1733
1223
10409
707
9145
102
14581
4612
5459
998
290
2546
2104
28545
12256
18599
1196
9203
1381
48506
4399
835
52188
228
258
58212
249
1295
9639
40279
4644
9648
47989
263
1275
15109
2115
87
4101
182
3768
55491
62500
13098
2412
16715
1452
7845
9774
1175
45758
660
641
27725
4463
15757
7487
50733
15029
111
1539
711
27231
1886
14299
12227
9857
841
9671
37128
38917
33813
945
3735
31945
16046
915
15585
41425
8917
15710
47221
1867
14893
21302
9752
9975
1166
53700
26172
7515
2266
45042
50654
25040
51
39596
4732
26756
5457
2974
13396
3661
10097
732
44565
196
646
319
8909
744
4344
9191
2522
3901
10003
19020
20049
13567
106
1533
296
23606
29991
21649
9721
32669
9965
2359
592
15205
120
8891
14925
1442
13289
12892
49784
15182
5376
607
8844
10058
45797
16733
15529
635
1859
47590
25973
5691
9652
15774
921
15071
12601
1600
24926
1839
1492
665
3745
13158
25480
7581
689
46321
1445
16661
1075
1141
9632
9069
640
187
18030
15905
14711
1225
11744
12370
9621
15555
33944
138
9627
174
29335
23363
1835
6655
33292
3785
9793
5249
9693
3188
15420
12196
5745
13431
939
17159
12887
16531
41862
20468
14717
13281
18913
1140
13516
9650
16351
143
165
17733
2272
9690
13358
16632
14783
27186
12775
1077
9005
16839
4946
9656
75
2561
30248
22625
16851
52
312
9613
107
186
46427
28937
33806
19603
5365
1421
13557
17860
1144
2579
3179
13899
3206
13587
1049
710
3832
2913
1187
24463
54454
34351
17326
1560
1245
101
7531
21563
236
57357
53759
34305
701
9655
24716
33734
117
43890
56639
20525
8999
10293
1433
17851
1984
115
16374
24735
2274
51078
13455
13260
49146
20179
5741
789
3066
16375
22330
13364
3181
10608
25039
60
10202
5568
931
14715
2519
35413
853
110
324
20506
259
15185
22602
9620
16772
9638
14845
25050
62594
39508
13821
15293
805
15568
14890
4404
54681
32699
6035
9624
1131
3182
9305
22693
28452
13690
3697
9606
8981
1773
54545
3754
27716
57613
3075
6683
15835
215
355
12012
1791
16824
31159
10046
45613
63079
1168
14613
16510
33488
30796
5875
1374
37222
356
9451
42086
40594
1709
37899
17704
25193
9116
27743
4999
6701
678
14743
2971
3448
6625
13490
2851
20505
1118
181
376
26086
1809
12265
57776
938
32794
14928
238
13441
140
15806
1254
6984
16884
1385
5316
15177
123
15256
2906
12606
24319
5215
15181
4030
29
1447
14981
17746
897
4796
18981
6668
1925
21298
62437
9355
2854
1521
9679
15362
33568
16730
31240
14927
13810
2750
60874
9953
39898
31176
15715
334
35921
60348
9346
292
43332
9133
47202
67232
6771
15305
41639
5217
1276
9389
15717
23575
3986
9205
20110
5437
311
43635
4424
9940
6769
27236
34912
764
5720
20528
5742
9358
12890
43823
21686
28565
20065
8846
656
9022
43797
26117
20519
3436
7607
2088
1408
68
18177
23599
34578
13585
8907
1430
2079
41528
5472
625
24731
16524
35508
5213
15001
156
43637
6705
9020
5264
32545
45199
27713
6649
9360
15010
2831
16384
41431
2863
94
12926
943
303
5493
18108
59741
14319
43528
16592
580
15193
15011
24490
1353
9149
1655
24455
3360
2078
8884
12729
13415
48393
23912
17730
48435
1079
2
14923
8881
4954
4062
69276
39451
596
13473
4483
15074
999
15668
17784
4674
1428
2590
158
7601
9716
7488
1484
15196
50738
4370
6700
1658
34786
15464
45382
1741
9363
38140
4607
16827
2925
63067
4016
1283
13200
9387
12281
226
3696
5764
116
2881
70325
118
8952
38070
13845
12305
4493
22650
119
1220
6765
27181
22164
14997
44
2916
1195
9903
13908
1392
26156
22673
15167
13297
6652
18045
34928
9381
5753
2081
328
2326
72
19
47201
240
13272
1474
18620
39450
33250
1045
13399
61825
6714
40574
136
1603
2106
6272
35800
1559
3486
11800
15677
9651
25496
29563
30
17408
17687
9334
4011
14952
17912
8880
6693
4810
16143
1507
33788
15450
37209
61467
12180
1788
5887
274
5988
78
13292
9662
45
9762
1480
989
50331
55755
9369
4679
43607
16416
267
6159
13892
4949
9765
1994
53334
41434
9873
13575
46083
23574
3169
16541
43517
53687
6370
42582
1024
295
3241
1163
3205
2099
36972
15808
2735
67063
109
9911
730
51929
5344
4791
7479
32439
42890
15400
3799
