29701
4377
5129
2771
40908
12744
50375
18273
36147
43153
10142
10094
6046
14918
9097
32731
37274
21820
41292
55630
19347
22156
27921
643
13381
15392
13925
10215
48438
50292
10813
10235
46791
8063
14579
735
23770
34382
46069
33295
218
47285
15674
47396
20518
1094
3982
34605
11678
71336
9893
2076
22583
42951
15884
16336
67550
5248
40071
26853
10086
2260
2408
12571
1113
34841
20162
20629
32355
57158
23765
57755
6810
4743
59890
22637
54
24342
13850
9738
51098
32815
16874
9615
15894
35905
72387
12040
39454
304
7585
16587
55103
2416
10155
1753
14863
47216
44670
129
32875
25978
57162
1434
16799
4486
65156
46728
5794
31537
14147
15927
45882
66574
19067
4698
10934
9958
14886
2021
26090
39780
8941
3417
17897
30658
9789
1503
19165
31254
339
65329
62477
10070
13905
1850
7097
12630
6742
3053
56202
22129
19279
16546
57033
10312
34616
15593
5847
52063
12573
15947
38599
4025
28949
17786
17967
26229
655
39492
2223
1766
1343
53927
53154
66269
9913
4078
4744
21863
15145
61556
13581
46750
28671
35336
3144
10093
3558
41424
3207
1666
26202
12160
4940
135
56647
13733
17009
21190
14762
15490
12984
1264
22045
48806
15421
14480
53017
4871
2132
16996
26312
65007
1856
13363
39989
15877
19825
10200
4353
2958
16396
327
13082
31359
1988
9767
24739
3154
41857
44841
18799
5253
63609
8129
32429
5219
12780
20695
15869
16446
15855
16897
68966
1432
59112
2462
176
32556
22852
19572
53669
46732
1058
62562
14857
21489
59251
26003
70087
9851
37163
35057
17337
72855
1609
9637
7203
18070
4918
45735
57958
6773
201
15023
62315
1174
1151
27667
28804
2730
58145
66479
2814
7115
10758
17133
9646
48137
12394
39615
20869
6339
8328
44983
43543
2721
6151
9894
16353
2154
145
1518
10063
25786
23603
44719
19374
17140
30729
21488
61979
51976
43998
4366
2321
46308
13588
38919
66330
1065
14734
715
54729
21755
10982
1558
56626
650
56785
31398
7197
43216
57213
1764
38562
43794
64970
13232
16642
12593
51249
22128
7254
1298
13650
12158
4863
2915
10121
9783
39456
5431
3186
44494
5456
27127
19914
16780
47048
1252
14856
52576
46763
60516
64971
183
16111
25372
9658
5712
39254
2684
3620
17417
60673
67994
3432
24331
15719
50261
28459
70990
875
2901
2005
5729
64736
43859
13456
68484
3800
10502
1370
52942
4972
1307
38538
14887
2116
10789
954
2136
62939
84
3124
8927
69033
24602
4448
65251
9373
45381
51630
3177
1667
21288
7825
3995
13496
55815
817
32099
170
58206
46329
6018
13653
3119
31966
30601
13161
2845
2741
1897
35421
25362
34624
55450
50620
17014
14059
13768
29442
43753
23601
55392
21496
11801
16695
50593
16825
33456
9432
65720
63801
18046
11724
41984
9887
39972
203
57474
9045
5778
71564
644
3414
17165
2802
13450
354
66941
43811
19249
13449
13371
30113
51226
33879
21713
3259
17955
4378
1324
39725
4117
1219
16377
31748
65313
62687
33030
20343
62316
11739
1669
8090
49152
1586
17419
70895
66648
534
25233
24571
16614
16493
23627
2047
55315
5043
8924
56182
38071
6075
3988
15157
9674
18115
2399
15587
27367
70190
13692
64639
57053
63720
6493
35922
12270
12916
824
14653
46577
7710
17655
18896
15018
12951
4713
34181
10273
28361
9760
323
37662
34311
64479
9612
54017
53422
50335
90
47648
7615
34598
54032
2719
33867
2619
11834
13731
55891
13479
20507
9409
14587
7480
30242
51622
16612
15925
8939
39547
14712
4564
14476
15102
15595
17093
5084
56220
52726
19593
48510
3123
32709
13837
20165
30087
12996
32717
4092
9715
59114
6745
13920
833
16920
2858
38859
71065
22797
7610
62233
9763
43515
184
45791
15723
49099
38359
28197
49857
59797
16939
248
34664
34352
3375
6406
70607
18315
5763
8942
15241
15250
15409
29990
54564
18685
35018
5161
17041
2389
6431
940
43046
55863
9967
23600
13284
20841
2279
9581
14458
1778
28052
15573
34761
977
4716
13314
16119
9098
14531
613
63743
16479
9855
4149
20807
4309
17171
15198
13246
69480
25015
163
4492
52043
537
1022
9667
15094
4958
5486
37964
1719
35200
54075
26760
20875
16045
17853
64743
16198
56199
63307
20892
44495
13484
965
17126
52179
10509
16876
13507
7247
15406
13895
113
269
52022
25462
16168
10605
840
16722
68069
1317
9136
15143
60816
15380
18618
33778
4252
57482
31110
9102
3
3605
15304
7134
1512
2529
25964
16638
65485
60132
18750
42027
11835
34014
98
19229
65
16630
16474
17991
33411
13013
13781
56840
6672
590
64424
44051
4049
43
1326
12163
19380
58927
17907
18056
30657
37913
3879
8889
15823
27857
33347
2030
67285
9934
10047
4924
21055
37164
27940
42394
38535
58078
23583
15133
38365
38650
15279
412
44630
5701
28871
13816
5574
363
26014
8908
127
17031
5239
20682
14515
31624
30650
57794
33298
17994
37155
2877
25470
38816
52156
6287
28559
1373
53685
194
62
3171
30698
4833
3729
59757
42638
19698
15343
9554
43039
59641
16846
48508
9614
53791
1477
10315
13408
31857
52666
5529
6779
1932
62168
31262
29605
34661
37169
35121
5312
24187
18042
1770
38126
52142
2278
48627
3938
1134
38777
942
16403
2726
15083
17984
44498
53692
50175
10007
2114
9937
64344
2890
5816
65182
39519
15377
2768
15348
48476
10020
54674
9680
27610
4681
21537
9960
13835
27993
14930
26133
53
16141
13500
10520
5779
68819
15067
39376
28429
64125
15199
33509
15264
1694
9771
17414
40601
23762
10588
13667
34907
34541
6722
51363
234
237
8960
37131
43877
20882
24898
44079
31229
48020
27714
18058
5400
68168
46418
18955
3828
15204
29098
955
26213
6391
4452
6061
17804
9283
29818
18089
9441
18690
45746
15472
28812
12085
30837
56328
25836
59623
9757
9140
19740
15939
11799
25020
53864
18307
19463
16890
61419
16346
29877
67441
30551
16644
17602
52488
15458
16458
1525
56566
9079
8123
45013
14685
14882
16082
13817
17537
100
20527
654
12914
32364
61301
8012
19127
61151
41343
315
29944
26502
22241
13615
16833
36956
16812
51037
2070
43422
29197
15874
1145
50381
6074
9605
4943
13387
5485
31475
13298
15735
50575
46346
4733
28952
20623
40745
57597
23576
28316
4742
56059
13446
42834
42683
16123
17809
53337
40516
1566
6340
41884
60632
30968
32244
765
13361
47449
630
28496
21497
6354
3923
20761
59799
41867
1337
14138
3522
16554
3645
42527
26763
32097
54514
56042
15657
15586
53693
27709
13128
41640
4050
2287
11703
3470
10065
1860
1489
7187
3185
13055
26067
6648
49800
647
20057
70389
37183
16895
16912
9115
539
4736
22683
27094
18611
16333
54610
67087
1135
32747
54763
47278
39221
37229
5640
6704
45002
21825
4004
26825
63549
632
1513
16553
12032
45928
4779
971
29286
796
14869
45440
33870
17898
9653
62966
28007
42632
4609
28504
14752
14878
20544
8896
9962
69
37729
1193
12967
55340
26126
5467
10953
57478
52290
40406
26473
15893
35999
26659
16053
13062
10022
188
47629
14304
9287
5986
57387
61053
61265
3494
15299
43530
54128
17119
25321
11112
1411
1906
28362
3230
58971
16677
38051
48189
56207
16125
45988
9374
300
6422
5626
1354
59278
35075
7629
675
15408
13391
338
3214
14820
20101
1720
65395
22601
33768
20517
1476
16299
12516
10137
64864
5751
64877
17909
4760
49791
13619
55756
3290
21338
6666
16349
22718
38732
6781
2965
49417
10088
62019
31425
50
3253
4730
17747
33278
1992
16565
14641
16619
12885
782
50872
1384
9196
13160
15824
5938
35814
43286
32881
53689
40116
29869
15551
15961
25697
48490
15745
22044
67756
15834
33486
769
13599
52712
41645
28838
3762
12233
960
1076
20202
32008
10116
28263
14921
1552
1087
9616
9103
16373
9643
27787
43796
380
33787
18988
46455
2086
16573
16180
65240
25455
4875
531
13140
38190
31944
1255
1647
17826
17070
61863
12164
16192
41430
17080
17053
68140
9739
54952
21327
28654
7000
13230
2276
32828
25472
4880
16455
66417
71450
9906
1044
23718
25222
28099
29275
40993
14322
16817
1028
134
35916
13625
51417
15812
5514
8139
10990
18515
6215
32092
13256
65043
4939
8029
1596
18009
5819
13058
15262
18939
1805
3770
32770
685
14477
26500
24410
52315
14943
33875
20950
47205
20241
36966
9289
14905
4699
3407
5379
17883
256
15215
13359
21564
16451
1587
60308
4417
9232
44661
46722
13680
66180
4952
26852
15431
20810
13663
8972
390
20719
13565
4885
13054
13775
13764
34690
70020
56631
1605
3291
76
1325
15809
17807
21304
18394
44229
4477
20740
15365
39800
69944
722
34425
57927
51216
22344
24118
55
9856
13576
28344
18093
19644
9425
20499
4799
9802
61184
18722
1545
18514
49976
12246
55342
20084
19609
54183
1524
18234
13502
21154
10036
31888
2588
33
16721
42771
21287
4142
46043
13386
18395
62722
682
49848
19003
855
54345
27721
15481
13904
1349
1320
43841
8921
48676
6027
9626
770
30267
32806
40490
15923
3766
35299
4993
14098
41959
905
45795
27734
12896
15319
15731
13463
15721
2087
14766
6684
10085
26391
5732
61953
15005
3264
16463
13445
25895
20219
12798
265
21493
34548
14114
21667
67145
10057
12588
22343
71546
15871
15402
61372
34766
15976
257
4440
20669
51623
17353
12851
34844
39486
8514
16382
16539
15397
4991
949
21530
15201
55152
45197
29379
2074
4438
28863
15627
6713
794
20526
14516
5719
30641
1179
70664
14557
12921
3231
68656
40173
41767
17894
697
20257
13815
17385
9666
35399
6791
5969
43863
51212
34322
31650
5891
10560
31000
27192
35059
9399
25503
4390
1214
5966
48460
15514
17890
20300
11090
41909
11691
4734
27928
14372
39528
5769
70715
50875
71384
22604
12757
16753
6026
4380
61555
33485
54070
798
21778
361
3843
62835
14989
62903
13127
20149
1449
271
16704
42033
854
66775
14806
53934
18128
7288
31717
8172
38324
32409
9675
197
1121
20249
1831
30897
20390
4442
21293
9686
9828
29942
25005
9548
5783
50421
10055
57658
15768
45823
40269
9701
26159
667
69353
727
68996
13239
47042
16848
50407
2123
68953
175
31111
40705
12239
4061
52395
25227
16390
2927
24681
45756
1260
753
21512
4836
5759
628
13935
37531
28509
20795
9377
10010
1204
56075
39546
68114
14913
34896
3771
67009
18351
16670
12919
273
17622
15814
3368
50793
30791
6638
15857
68402
13616
919
30247
46617
22677
4375
13874
53478
53049
15039
55486
1510
1998
39222
18321
14215
57495
66328
13538
26514
35015
48921
70510
21265
38930
9768
13877
48502
713
66339
26122
975
335
4491
3148
20759
43014
69388
16534
62901
21079
19997
21565
9809
4464
30644
18384
17054
17870
615
35510
59903
9018
41618
53523
4359
23875
13227
13992
6004
25162
15271
35112
11909
16489
38128
3086
56472
26115
45240
47558
22698
47265
9780
35147
4319
54955
15966
23707
45344
291
49834
72129
17018
5696
899
1267
1842
2586
28936
29035
2377
33004
55845
24437
15648
36165
66814
1417
2511
44570
1084
1150
690
245
58332
14914
4421
46055
12894
16583
4150
34717
150
5302
47075
49239
45731
21020
3667
1133
25498
35790
322
15690
61577
60424
20419
27812
24942
43117
60756
246
16582
10929
1735
3170
38136
18006
1450
13573
13912
9054
6960
16420
6544
7402
3459
4430
16579
19640
3159
1297
18584
20590
11917
9095
70328
18064
1939
1172
801
12172
10298
10198
1508
39503
15727
762
13669
68347
15155
56787
56975
20747
26932
8911
3178
65057
17437
28900
130
15456
16889
66777
54929
21550
171
60122
2269
3219
24738
48417
16445
29840
17970
9354
59073
39483
23680
64589
10039
10249
14125
45866
1758
11025
21283
28982
13306
1284
47609
20088
8926
57113
33783
2575
5342
53674
6062
3210
81
56051
14682
44948
14889
10096
34144
44616
12900
15515
17889
15479
66321
55875
3476
7627
50194
316
53747
9933
34375
15895
27759
6777
37610
15173
12629
56645
35233
22434
26378
5337
6805
1690
28000
15426
21767
43159
27189
9403
40271
42866
11580
12927
2208
25592
9302
16928
360
32378
61733
4255
287
2799
14658
13608
41771
16391
38530
53694
16574
1793
45753
9696
28162
18072
55389
14964
139
34461
10042
31241
34337
3265
913
19567
12155
14959
65220
27918
39738
1158
18521
34877
21375
471
13241
55584
4251
6708
14879
9091
9867
41880
52813
2621
58910
33490
9875
39832
62252
56336
4349
44996
27314
9654
38663
60982
12414
49739
50899
29291
57574
26478
4205
28171
71448
48314
16621
23767
26260
1429
2993
9991
15892
40600
1312
5409
25514
7693
3631
39739
72274
38741
34416
59077
22613
16620
1656
11832
1365
17791
39764
13513
16425
52744
3257
33949
3937
14708
4717
8249
15253
18813
6730
9755
16187
21481
68025
23243
48277
37721
28310
30880
35124
8992
5214
634
16548
17098
9271
34509
2902
734
71223
50619
9689
2465
19079
16559
313
19987
15562
14855
29729
1215
15002
19541
33757
57640
21505
14885
15230
25224
5411
14538
32494
9781
2100
5127
12705
28163
67064
5664
27941
6696
15179
15158
28554
6677
16593
20362
25023
20174
34755
13087
28684
4788
4112
12165
2290
9011
14134
2926
26256
53034
50406
241
2494
12153
13146
16079
9794
3248
63174
23345
67864
11802
773
28715
3781
43520
9319
43788
14757
1348
66558
4395
27302
2182
14080
15807
15152
72527
45405
83
13876
32733
62339
13344
6673
5128
29802
23593
16328
12306
20857
6650
20306
36969
3374
16723
22672
1514
19663
20484
14956
57216
56624
57837
22357
16057
45001
5728
2988
44105
55560
16040
3831
13962
15637
282
39614
61849
16470
26484
60360
16938
14895
2293
16482
65452
38516
43114
612
16770
5613
24393
9770
49761
13382
260
52127
47058
48823
4270
717
13794
49342
20094
5059
40309
1592
37232
885
50391
19416
47235
2540
27720
35917
4024
31391
9939
6678
23157
22111
10457
16842
13504
19910
14226
41615
53893
14775
36998
6096
1268
13795
43792
6808
15025
1517
47069
14674
1884
68071
1664
62814
9682
71201
13530
71879
20108
60121
18998
15660
52631
1041
19660
48465
64453
35225
15451
53680
17876
50746
29312
3126
45724
31078
16998
1923
39740
33884
14650
1612
16628
415
28568
15364
23577
24697
16963
27115
10433
34393
71302
39443
15163
18554
17888
2541
8959
29872
23906
61272
15229
387
9417
65365
33872
47456
29127
9529
9400
4398
15488
47214
57182
56284
9753
24135
51707
3422
1154
33587
17615
2230
66476
48742
1888
47649
17947
8886
51419
54528
51995
66969
7376
41628
10621
17841
45806
59535
4797
1327
8484
2800
49606
2543
4659
49712
50939
9528
13236
1060
64995
13594
12912
9876
39940
5378
72230
9067
12913
18012
12811
27842
58765
1607
56657
8935
52674
16550
3666
29934
4405
736
8962
1857
18898
6766
38685
51935
60973
12886
21637
5989
13864
45770
64144
39253
15617
13787
29118
9785
5968
70533
60692
28648
24211
15559
4485
1598
758
2615
34914
31420
24486
8971
47
7301
4317
39624
21793
70008
40941
9424
10742
5374
1502
45402
52542
30580
26508
54292
17782
10553
13702
61670
24576
60418
67328
50910
9845
38102
846
159
4694
17758
33450
37147
57117
43266
17315
5985
15356
12174
9623
15211
37027
14597
70791
714
35919
19295
1383
53660
31005
2880
49818
51275
5351
17617
46031
40275
18670
4277
45391
43988
30997
30171
18976
10686
6807
34824
42526
61270
33583
55431
30475
31862
9968
4465
26110
16153
65065
35506
28829
15428
16342
1258
12249
23136
28150
15480
16557
4648
67247
53464
18610
1266
31070
200
1757
45985
47210
17359
13744
51966
21646
1156
50312
5284
3525
53617
59599
1747
15687
1180
49903
40575
48077
9007
23660
16441
67274
611
9220
32327
30167
10066
15212
60130
63765
68566
65698
27953
4658
3655
40764
3774
9996
28667
15208
18254
16728
4529
33808
14998
14073
13057
13542
14897
44053
16459
786
9677
4237
16500
13388
32488
19996
16350
4475
15162
737
68009
54031
4523
59900
16927
42538
4636
15682
3474
8851
42689
43497
47268
9951
9043
21699
15971
351
13721
43524
11603
2395
13392
47511
71778
49780
16556
8966
15203
7502
18621
18105
35429
15990
4476
616
3801
6735
299
52651
16436
12922
23604
12154
39872
48133
22996
67280
9209
56224
54035
51432
14714
23563
21681
50267
64870
27197
18005
45048
62205
9980
14938
34575
205
9810
15492
16157
27773
37076
10172
50301
895
67640
1912
5723
43519
972
21923
18280
43849
68117
34484
17045
18959
49341
54220
44674
27164
64914
16475
15703
3200
16979
28841
10750
57607
276
6872
6115
9922
760
6754
34585
1724
9194
45960
42766
20074
15873
44618
55377
21522
15912
19298
18368
34797
42625
3194
4471
61271
21513
62099
1458
293
15453
43750
48811
47559
24743
5669
6464
15170
9725
20735
60081
3625
4923
14093
191
23651
9994
25501
2772
12943
10014
21311
16741
30584
27395
43613
63425
59222
16434
23735
35285
50211
60970
34359
2246
48
41874
23213
55662
18043
17095
58231
23720
14686
15008
2866
26416
10306
16368
30166
3258
89
198
142
17214
31161
48464
15948
9628
221
4688
50377
16408
399
15578
28196
47279
32701
22089
49481
2402
15034
60164
14883
12242
12
45826
33831
34751
38839
16406
11008
38217
47458
34566
2286
20649
45830
6680
15992
56282
31227
3970
67697
56236
1248
12323
31151
24221
9063
56714
20848
13373
32449
626
35021
10099
4356
16617
23649
14092
45776
34314
9053
65305
160
32653
11866
14648
5328
45757
1803
60429
3797
13832
9909
38827
21865
2577
31489
50410
58773
2798
10056
16693
14678
67902
26493
10207
17092
16472
28954
13421
17857
39244
2436
50376
14191
4046
58157
45360
46616
47213
33016
37628
56796
1454
70346
16150
44020
14514
350
23752
55437
35799
16387
12176
26138
16134
27206
30098
24247
141
4628
17735
12933
22766
58199
21745
61393
49683
70984
704
9077
45879
34709
9815
5069
12957
24344
2291
66542
50045
17256
37223
1485
9668
17843
2241
34553
15217
5823
6483
52716
10499
7005
39416
39896
27733
33834
24278
35335
214
47052
9927
31079
41566
34286
1738
23170
7146
33644
395
12888
125
30431
828
9105
16871
34453
5168
28677
55867
14133
68571
4837
9039
1238
16367
2660
48556
15589
2481
2446
47621
67128
653
3428
64285
85
17462
12997
9837
9663
15216
4820
65533
62347
10146
792
4394
49764
17519
16660
3397
12179
887
17732
54525
18629
15466
44237
15819
17980
16863
1883
15495
43016
6503
21776
19311
15238
19195
20515
12915
15150
41283
25241
39736
17173
45670
20489
247
15965
31456
17835
984
54543
9703
12572
65318
1128
1438
7114
6089
50386
62813
21279
9208
33928
36517
41632
64916
132
34383
4069
8918
70886
15038
13183
6727
45438
577
3039
26018
14645
22161
13523
4947
1698
4039
2033
279
15647
16364
33766
40800
18958
4851
45986
19542
2000
1360
3012
6917
3274
38228
26105
344
990
220
9787
31962
2110
20106
18243
67396
16811
13984
72783
47493
31167
24308
12959
1470
1129
17362
14675
19294
17755
43842
14984
17267
6660
18311
49979
5631
52458
57504
42773
34670
9805
5703
17981
14652
9192
9010
9331
28427
9687
61273
21655
56467
99
17739
34997
20647
25486
7421
71251
2376
1795
42100
46146
16003
45799
51631
9181
34419
17504
7194
13238
36970
67737
5385
2003
13529
15418
15890
4063
2788
16683
4269
60855
48813
14877
3209
29784
26019
35340
9155
622
21952
891
57363
9364
3350
27514
39895
48480
50878
20702
45748
32046
86
5005
64351
55615
56703
28348
14076
26098
66882
13093
27966
8784
7578
15312
22586
12925
6058
14173
25061
53890
12918
24158
900
52761
46684
280
68299
46194
33866
48198
23637
16800
16525
38702
43606
3601
1730
1334
1981
23259
34423
9175
32261
13691
5678
4104
9015
70556
10158
13365
46810
2080
12667
56372
6725
34692
24734
22662
13820
67833
920
26121
12171
66982
15186
21792
13814
14165
5276
44700
8804
12381
42979
1302
624
53777
278
16360
4640
1674
34718
59499
11014
49387
28661
13506
12898
34538
50907
22056
20826
1654
608
56589
24924
7164
47177
34972
2864
4725
35077
93
6726
8790
1418
10500
51972
55872
202
50888
53677
15265
17965
22143
12688
28082
13407
12580
3454
32721
23781
37217
17163
15125
34376
25647
26246
778
16826
16717
41791
28478
2888
47790
52313
17109
22861
70647
17386
1481
65705
36828
16211
58143
747
6659
36963
62833
27963
16914
1499
17793
17845
49548
29876
24729
32914
2871
14866
16598
15600
3532
1863
1426
26032
1852
7411
59089
44558
54238
59684
28056
46156
44386
23705
4553
42953
6961
7138
27641
56198
321
18669
10109
13673
934
57335
3788
13930
5357
230
49343
1181
61264
70405
27724
6679
60432
317
642
4665
47220
18922
1516
59328
6647
6133
15474
45401
42917
32671
33091
25460
21631
11852
9070
666
77
6315
209
41167
14513
67398
2128
31224
37192
8933
20047
25518
1382
3167
4655
3590
16415
53495
5195
18414
16822
31012
21782
5176
637
2908
15580
739
18557
21124
34646
4023
26288
27990
59115
54654
17691
50347
17665
2542
54925
33779
3026
2886
10199
23624
66391
18248
8954
4291
9190
47452
53641
1318
9267
43483
32838
68708
225
2544
50299
37508
14954
224
59534
13597
9388
8258
30165
2589
4870
13099
4077
60541
43379
9575
33464
4094
14136
17526
23592
20026
7453
34742
16508
29822
39513
33451
178
47219
11
16
9792
35197
18707
53710
9712
16767
50676
7175
5331
4123
8947
3987
28807
64972
26262
63000
14174
10910
16838
29345
35205
49643
5667
13190
19544
2111
27861
6767
16991
2333
3293
63500
2022
7628
25970
4071
6681
13532
9838
43786
30301
3947
58031
845
3429
33473
38364
46395
4936
18079
25048
12229
15753
45019
5216
627
15711
65572
5050
51599
14083
22138
61338
20813
10004
13379
52931
9038
9553
9907
23153
58421
15832
13076
13926
35968
6786
5615
5461
27730
51965
2038
331
38407
7719
33971
17945
255
1341
252
13133
1114
22872
745
88
39436
9644
14640
23572
59074
13546
15499
12181
17334
14544
29337
10626
38537
30547
33864
9604
65466
26527
15654
17757
1263
61268
2574
36954
68086
43960
16399
41078
34312
9723
13369
15470
4288
8778
70662
217
42298
42456
43512
16136
66161
751
15696
40261
4099
3866
1387
15582
50379
9881
4186
6665
40306
22639
35523
12589
2213
13434
17743
28483
15000
62031
48898
12908
5229
8955
16984
22207
15016
33458
15604
9659
59076
14140
63606
16395
2292
67840
15697
20386
1242
41189
3434
24051
24784
2141
32735
37894
21286
14892
14940
13914
43525
54090
22870
30168
16960
46370
23579
4003
23196
1120
8988
2235
45729
21730
4330
10049
16662
12019
41364
779
4387
65852
6685
48096
26479
17064
22973
51980
20357
35031
2545
489
1993
14693
32718
1895
34426
20598
22690
593
2724
7389
15937
4821
2789
40014
5338
19368
28710
52064
13068
43802
64642
15003
9811
9407
56792
18522
42657
8244
18943
18954
34459
8900
18919
17752
34518
59391
3183
19039
15288
3782
2065
62017
70670
57031
3887
60127
1224
12897
9379
60888
1872
1813
6739
16197
9683
19160
42899
68799
18021
65205
13561
9948
1746
3621
57003
33512
32665
39585
31603
4722
15032
4605
17927
22773
9200
648
17737
10300
61981
16680
3790
2885
28680
16790
46351
52053
1427
9402
3304
6644
43843
38546
25014
15524
35159
56385
57152
12157
9631
69402
26660
7059
16609
9944
9841
48354
5856
33543
3734
12977
383
17010
1396
42251
662
16740
16491
31964
13139
22104
34565
3629
13451
14907
16690
13088
13913
9744
16618
9647
54913
4338
24518
12524
3985
4950
14175
27146
157
67989
66721
35918
13417
14910
30835
40082
12264
2054
4345
26031
16591
42139
124
9709
15581
10281
14909
15065
67197
46165
52041
23142
6045
13072
13501
9791
2804
34397
7182
14922
18889
1478
65354
13253
56465
1896
1115
43914
68340
1706
33601
15243
50653
10494
10053
51106
41529
14131
4034
30794
49546
4619
15161
21139
3845
69633
47280
61341
22836
23870
47610
3449
24043
4934
56056
743
9822
51657
2170
19243
15476
22851
30667
37025
2571
56466
8951
40000
25589
9899
17910
54987
3849
15247
1185
34429
25415
40578
15638
18738
40407
674
168
50426
42655
15708
16652
3268
15149
64307
28271
61405
54871
14789
50382
54324
243
2578
49565
50581
68575
32045
34240
12408
51928
15478
60724
14194
13268
44046
4355
61318
28835
13645
47115
39045
32720
25298
26124
1538
43526
34310
30996
9607
2129
21701
5393
34007
13763
17216
26895
53667
71551
65075
40254
2490
50078
1493
9391
62332
15629
18963
13243
19361
13918
70434
5368
40365
13612
57177
45734
17479
1812
54963
58772
4808
28724
17797
3461
47650
53627
16992
17083
818
18960
65172
55635
33802
41340
3984
12400
50323
25730
3853
46268
52707
5888
12355
6751
49787
8031
9882
35473
53902
41160
27380
6728
15266
14688
35073
32673
16788
6723
20321
47557
1101
53684
21508
24915
5705
25694
55903
17794
1359
17681
1015
41285
44442
7509
26036
62108
3574
13799
38719
4597
13079
17808
14208
6116
11565
896
30244
19657
34470
39836
18612
19777
23
740
26089
62407
60419
62885
56112
65582
9997
56126
16381
58919
1164
53723
872
24715
33539
5889
27957
173
52556
30178
7219
5962
26874
32250
20709
20006
6716
70981
583
39470
23595
4284
50655
20046
31370
5308
5324
13654
71
16429
13699
29036
44067
1177
270
13101
12716
17879
10765
708
25982
9669
27617
49895
31336
4187
49731
22737
15046
16492
21899
41562
17859
14586
15017
48605
27753
996
33791
12166
14410
14846
9699
28057
4018
37199
3743
15223
3176
13677
13112
38815
2525
49775
2625
41669
1704
1081
18019
2107
38346
64543
14904
2879
1443
62607
20448
15374
43028
30898
34399
39619
5979
869
13598
4010
7828
9917
1319
27984
15640
28194
48401
61031
51655
63060
35345
15558
65884
5311
9754
35310
15073
36953
2394
16363
52771
6832
26119
24952
60015
42333
146
14632
33772
52551
12595
53098
978
70706
11696
12795
14178
15512
23648
5313
105
32246
3229
34412
9519
15192
21510
1213
5315
41890
4056
3813
16365
15880
26253
64871
14143
4121
48867
2458
12734
4020
54460
57479
59015
38093
24891
16922
18157
49819
15078
48143
2697
1036
26461
4892
3082
3426
34
67841
24818
41277
15136
52469
1748
13394
2892
30733
37980
3046
9433
4329
20850
22110
3325
57778
19595
17776
20636
1152
47594
21611
15702
16887
3224
54964
6506
17032
827
20512
57535
53910
46130
38072
26034
30191
22606
28637
23736
27987
15267
25528
38551
9617
3821
62745
15491
21889
3279
12406
15744
35502
48052
9782
21814
16810
755
39587
10656
6175
55731
53496
22656
761
15805
15022
2085
28037
15981
34449
3431
46543
5518
38763
19158
15432
15108
34839
28569
56446
18567
64932
4000
13614
24714
126
1997
17040
57487
45168
28656
16372
16504
694
2816
13439
16392
62358
63043
70464
33811
12928
24453
17058
3683
42
20776
51969
5987
33294
24869
5858
20319
9357
3236
35011
16750
22449
1399
16196
6682
51936
23900
14212
24730
9868
52973
17941
23825
39
40256
47206
43999
16696
20705
42312
13656
56185
9839
33402
951
19778
53333
52521
16448
32748
30170
46227
45322
11891
12425
50219
56719
22067
617
29871
14778
4647
15510
54034
1642
17371
61991
9688
24100
12156
4550
35280
6770
21049
20360
23636
4944
7295
2919
52948
13527
13440
41641
31035
17862
34338
34614
5717
14493
7543
53840
4221
52293
7792
16896
6748
2121
53663
31251
6396
17795
15938
19260
11673
9347
540
13097
44131
39938
604
12570
1861
62968
31056
51307
65455
4906
46045
18605
17282
18039
31243
50192
34822
15401
57074
28275
49121
16894
48463
44615
47842
3991
13060
9198
17003
4867
13410
9885
5821
70527
62919
9998
5618
25461
55419
43626
19667
15175
1787
49816
9657
45775
784
13125
47382
30097
1096
34006
16204
43475
15075
16444
5310
46525
223
13457
32966
50380
35157
1465
51503
21728
32902
29066
33002
1769
47626
50657
16515
1496
55582
1322
37904
5021
1726
20674
1643
43322
5102
39531
903
28549
11768
1335
54583
14639
13157
605
5831
19221
1801
35445
13595
6122
16636
29870
48140
32700
50912
45133
15673
17738
13634
3321
14924
24285
34384
15917
67
3517
6850
16233
13544
1221
40132
42069
19611
10127
17902
62647
15272
52724
56755
23261
2273
9746
53514
15583
23647
670
13147
60636
54837
11809
26184
13709
46614
2049
12930
6092
346
15537
13522
11104
97
15921
9684
71697
38356
5577
65209
23262
41443
34925
22940
42885
9829
67611
18411
29961
9719
16976
6111
4388
9874
5767
6522
5317
32972
46041
63602
52389
27098
39107
17169
18000
10095
164
14454
15349
9784
3116
55353
28315
9649
36351
15035
16857
2294
41135
1389
7970
46
9800
9359
20635
9717
16834
33372
67073
688
6687
6024
1282
6815
232
10518
25301
7759
7650
14911
816
45648
19550
52763
73011
11702
42606
1922
19078
4951
3809
28311
53678
9013
40366
64364
16052
6784
9420
32698
16547
33732
22675
15370
13336
36996
19545
6738
21503
1404
13492
34507
32354
31746
48073
11751
32547
18920
34737
26125
9729
1083
64981
4067
9202
59
20732
242
14945
56317
45080
1519
3946
60073
659
12625
26656
31242
60519
60747
1331
6721
9362
3783
60070
28557
4074
7910
2055
17997
8923
15263
62778
34812
17059
21305
13922
61496
19537
10314
18075
18951
31143
35038
13652
28338
61285
9134
34577
781
12608
12190
42170
15701
14733
14767
21895
6039
20090
47652
10230
14725
15340
16872
15528
57
4289
20054
46010
14990
38521
38643
62344
20492
6356
47275
34324
44478
53335
375
15219
60282
57970
21724
30406
71375
55566
44122
40678
23991
38117
3892
32605
2629
28153
3715
53620
44401
6238
5120
47544
40141
5430
14470
2591
28708
22115
42986
8184
6398
32675
44562
21280
20233
25500
12045
757
5525
6234
16522
13416
5659
28570
28166
60278
67106
4027
28825
9670
57484
16421
9824
26354
18560
1991
27741
34092
15896
9056
65387
2924
15235
23150
24736
2891
54208
15926
33710
13760
41539
72534
26292
15334
68795
39297
1469
17882
10141
18317
23666
12747
22134
65036
44681
195
4829
34402
95
48142
9629
5208
56503
17787
5089
60021
61619
8897
20874
58964
51582
4712
10128
43544
56364
19549
65258
16956
26283
42774
40462
22500
39935
28383
8914
1199
40006
48330
34433
13591
18449
57353
28740
804
34505
64756
3390
41435
7914
2806
21648
2361
42513
34336
4489
19178
15180
2873
42305
65610
17993
57342
4241
10140
14810
19123
28336
25701
23223
9820
35373
1463
17877
721
13409
10089
15209
22707
1435
2754
71891
15901
32323
16639
1080
7796
10153
847
20160
71615
47518
43831
31931
22863
12911
811
53698
14408
18276
33715
15506
11736
4899
14915
32765
62850
3471
6736
9987
5811
16552
3372
4021
28168
43647
43128
65488
51760
3174
16488
34544
24360
47297
26012
43850
42506
48346
8919
15257
13132
2328
8931
2865
34487
54191
59949
64973
9961
1309
2897
34611
71620
11767
33707
1340
9046
5953
35238
59600
9888
179
14792
33759
15024
9864
4082
15489
35049
8932
25577
44164
2369
1561
20055
45840
17586
2572
15168
21841
60900
61348
29287
23954
21557
43648
10112
15228
60161
58947
34542
27699
42545
64910
4215
1033
24827
3487
185
1304
2921
3168
66
3009
9713
13366
9905
24005
50404
4714
9135
15930
28860
47378
13618
25190
31249
2794
3463
11327
254
803
5369
1409
691
37133
9634
53494
32351
874
38149
849
13737
623
15497
47388
61903
38723
33018
26794
3992
71165
32353
31901
3650
15486
13061
8994
13551
35153
62385
55587
2743
2633
41961
3392
15194
4805
29705
9730
4781
5905
18602
23551
41536
14850
2358
37158
18004
47269
21653
9661
59147
1721
2064
24165
35142
35954
40118
3870
10076
13628
31574
39795
14942
15739
6801
9722
45706
16711
16298
2423
3458
64304
2252
14595
21071
4823
6691
4174
19320
12731
37055
3266
28830
47158
9727
1573
21348
33297
20263
2314
56591
48481
189
43537
60698
5883
66812
56459
15542
12169
17956
5489
67295
53876
73
830
16080
17067
68063
25538
1350
13901
43995
25696
1159
6790
2181
15866
14084
21593
32587
16454
43264
39826
12168
44947
2557
49633
4942
797
2992
33653
13094
13735
13571
50678
347
2362
34846
17930
18188
4763
45755
18923
28276
19055
31220
22107
9908
5237
25690
49939
4228
44001
12170
46663
16749
5502
3559
1725
2631
26805
67912
43203
13354
6717
51786
16044
1862
46423
4180
1217
47545
68451
29073
6397
13734
33865
9825
1088
62624
34884
62616
8834
54482
65708
24460
42627
13357
3072
46533
15345
629
54511
1333
6317
30067
13052
1919
42541
5447
27886
18930
13453
13429
4945
18229
2935
21480
35207
13834
56067
16215
13510
4002
47441
58
57015
1
20214
103
2744
43881
42649
29900
20327
1222
2167
15509
53907
6653
2092
8868
28212
28728
11721
39539
65339
53661
29395
39430
66673
41089
3928
49031
14512
35904
112
5894
46777
9860
33960
16606
64706
1761
1772
44113
55669
17858
18600
12920
21468
154
30327
9086
9625
31152
696
5755
32906
108
32349
13626
922
61316
17406
23192
62063
60138
15475
13488
3819
67069
2275
609
2700
51035
44761
21410
40572
17369
28550
16791
1462
529
17887
53810
48895
56625
26652
12924
22697
23174
6023
3779
26299
2751
3173
6823
1921
18965
13428
42247
3869
16923
4959
41995
9416
29905
6749
4242
2101
16641
1506
210
18948
31225
40267
52013
11670
48396
7519
8964
573
15350
8260
59372
30675
910
3699
856
13694
22819
1971
2769
49975
45948
33873
1090
56573
6747
34760
14957
2499
17197
49205
68630
3052
34710
24821
22631
3763
864
43516
275
15533
3285
1287
15454
10278
1821
34595
658
11561
272
40579
15613
5177
13362
18940
34547
34612
12033
9418
6706
819
8225
26236
12974
43785
10253
42336
46807
34977
67995
68386
61328
1740
25035
5187
24732
27005
38517
606
13067
5332
17957
16034
54198
12200
16060
5735
26395
16280
876
46044
725
55083
15275
47651
43363
26084
18977
17788
43527
3876
5676
45760
9129
38513
13465
10208
610
4858
4416
55098
15261
34645
12983
177
64076
16830
50398
1009
16410
26510
21840
68465
66737
27767
57617
45400
18048
8950
10531
8963
3700
47286
9058
39455
6220
9093
9720
59937
42989
63579
4402
17906
13397
3806
61006
45769
65871
1314
13960
9759
18348
4116
68094
2527
30846
2035
15620
298
28066
57610
5756
122
16694
53898
9084
18335
14859
15878
1085
35381
11409
18852
63535
9995
29599
2922
13353
15985
30382
4256
18844
67108
34712
9758
15516
12322
63399
46594
30251
15295
16746
34962
32696
47929
17073
1783
56188
325
36805
11938
50405
16563
54909
10009
9694
4301
222
72462
1789
17580
2627
44614
45404
741
6663
71457
46724
16428
65389
16407
39453
7901
15822
41897
1796
10081
883
27962
64895
2112
60232
5990
6213
1523
47605
3172
3184
25507
13524
39488
1869
14647
285
2859
16345
24113
4637
1262
18847
2526
16071
42294
16755
9702
5448
343
16875
20522
2801
70631
25665
10522
71195
6247
37145
20757
9779
36016
13881
9128
17143
17963
44284
64084
1261
16974
166
32428
47266
13367
34302
5257
55461
12611
29370
16356
144
68605
23607
5266
30255
19648
10104
4006
13698
52283
9250
41
54452
7579
70845
137
67045
21714
14908
871
19414
5304
5463
33977
38540
9984
9337
48891
7609
28312
1511
1253
66333
55602
37111
1439
4941
10023
13613
59588
719
1509
40207
9724
7065
2094
153
28434
11601
37961
34789
29480
636
17652
13295
24742
16320
20496
9943
33903
27835
48529
17202
22209
131
33513
1990
18916
9862
9645
16518
2674
46888
26037
17904
62087
62848
5737
15072
16674
56208
21021
13802
8983
52529
43740
28201
26211
59012
1692
54731
27738
63345
19685
1483
1057
3837
45722
40959
49149
25691
80
38718
32302
2449
4570
11812
9406
16765
18456
41873
71544
15093
12605
16698
12954
13376
15769
10025
1797
32137
54134
4731
6671
18014
48409
19604
13485
34104
4397
695
34806
32363
14164
4372
430
39550
61458
4877
10558
664
15332
48457
4017
47211
39636
3563
38262
56655
49624
357
4894
56638
20218
15333
15236
16945
18149
20113
39850
4786
24536
1722
15664
31150
17751
7577
50884
1849
5899
3526
21639
69258
19379
1321
54148
50297
20805
65325
9840
32719
28517
24733
13163
9641
4033
793
13474
16782
69005
30254
13427
7556
34441
6744
898
42531
9892
53548
14978
19998
15527
70577
10017
4652
18136
71997
2764
3247
13471
10032
19230
4299
34442
12681
3415
17972
12940
25974
834
13950
64053
9372
67139
48355
3842
26842
60096
19969
5791
6113
8
18821
264
8997
24500
3029
16828
13854
22181
2400
20100
41935
631
50882
28560
23626
16779
27611
8036
22679
21538
43801
13414
1453
1542
20354
4013
32767
2923
18475
7312
2122
21605
3112
62431
1136
15546
18202
61
4332
2678
37156
54435
17323
16423
34801
1555
211
58170
15487
4765
2393
16905
42997
1460
28330
51034
31793
2280
19312
15494
20692
61512
9622
45723
6776
46513
13553
49109
56982
2443
2569
15100
4411
32012
30549
19044
4262
6654
37140
13495
16789
9635
1052
64243
67129
18687
15164
45884
21500
23780
1246
20820
15159
57898
15220
4649
66174
6977
1192
71585
66685
13732
15396
2558
9977
4994
67988
2878
9004
244
57219
58949
59030
16843
45095
67071
30336
12945
36943
1273
12574
1537
55478
3807
398
15165
16937
51930
67061
50429
13579
657
13554
62187
11836
204
17194
37759
4072
39798
763
15741
34508
14139
15553
25511
47597
28859
2826
16465
5499
69895
28477
16731
6783
2184
12944
17812
3187
50378
5670
18762
2917
52299
17799
40077
12978
13374
49122
26724
6972
2096
16462
20123
21094
45726
60606
15736
36087
3269
30705
10533
39683
57472
67599
9096
16025
17174
3852
12917
633
5412
32636
17761
41633
37130
19090
30590
41661
4087
66831
57502
13738
20676
6694
59571
20634
4280
114
15371
148
3875
16900
6176
70813
66600
35351
3398
4429
65184
17200
16716
48780
15482
16012
5727
14660
18573
52132
4382
68702
7907
49367
39684
10204
15210
16433
6292
13075
639
15575
53886
2271
4433
34015
16037
34856
6689
66398
17881
5092
70483
38531
13412
18448
15591
3591
16697
46624
50010
888
9916
9048
52888
17802
2760
6924
681
1520
8800
16841
20513
17125
39497
24746
12385
10259
392
2905
63118
966
58146
24430
1687
16588
12668
17172
1459
26541
56007
3644
18336
10574
1633
70656
52446
32697
21898
8938
16886
9611
52375
231
32382
1733
12401
251
20011
1223
26130
17966
1703
10409
66243
13086
2289
43793
67028
9898
46771
42991
65277
42313
23594
15888
21386
18764
34659
15532
20933
9790
707
9145
8866
3270
3016
57804
16686
15036
4369
1394
28002
30652
4908
14298
4818
52102
33886
18957
3420
59699
71956
6695
15550
19559
15172
62615
19886
40521
9835
37101
102
6286
17559
64298
15237
50412
17975
71715
59036
66818
11516
23653
45808
47798
15982
22866
39607
65500
17762
14081
14581
18164
9831
11824
5716
4612
26485
5459
15021
31001
60366
4352
133
3235
13389
998
4376
43927
290
15569
6969
21137
35505
20516
15522
29155
70453
16438
21900
17922
53865
55791
67925
17106
30291
71096
27234
47289
1779
2959
1122
39246
15858
58128
50538
28026
2546
62677
26913
30655
60933
14104
2104
4312
16977
4654
28545
13535
4684
54734
55454
43840
12256
18599
43391
62306
33892
349
55742
49336
10013
36802
9222
1196
4896
14089
3213
9203
27809
1381
1494
62802
28022
55753
56972
48506
65694
13069
809
46052
4399
71823
15968
835
286
56628
28663
47592
52188
17989
14673
16854
2392
5714
24596
16309
754
13443
9749
71010
69937
4022
17926
228
3249
34023
2550
12777
27970
6179
14644
44987
258
58212
249
59649
13261
15566
8920
21562
52159
13611
54022
4183
49763
45932
9889
1295
6764
47600
9639
33992
54617
40279
4644
52775
14540
31860
4710
10111
9525
812
71736
13819
9648
16000
18735
38348
47989
28909
70876
19664
27757
12298
57816
59560
1342
263
1275
15109
13818
4080
2115
34764
36
7993
49777
87
30583
909
26404
15610
4101
4335
5586
12685
182
60398
3768
1564
26487
55491
52295
57694
10062
24791
20511
0
57331
16786
47348
64881
11484
13477
13842
49888
62500
64006
49389
48820
23836
13098
15867
10817
26483
6809
71478
68083
3314
9816
55926
13342
968
4830
2412
33805
16715
1452
56335
48478
28586
7845
32241
9774
9832
13906
32960
27965
58136
9736
1161
60591
34510
21312
1175
24612
13923
15004
13464
16065
65042
12903
4076
67120
16512
13154
104
45758
8898
27615
660
56896
341
12746
42564
641
27725
68040
15129
52201
4463
31625
15757
34758
7524
7487
50733
34501
60819
13346
51693
15029
111
19548
12237
15378
30695
1539
5436
1672
15584
711
6241
15547
14668
862
27231
12657
5414
706
9055
1886
10823
45393
39779
14299
43377
28442
7050
1256
9356
9411
17626
52787
10666
10059
12674
30021
9633
52056
3996
12227
301
29955
34539
22204
9857
16678
4217
34473
841
33461
3356
5684
51613
12752
9671
42553
37128
3786
2899
38917
57584
4047
16030
16899
33813
945
1143
64900
57515
32368
70090
53891
56727
15391
4126
5784
2217
3735
59710
62893
28512
47835
31256
8998
13468
43188
31945
18657
16046
57367
27129
53805
7580
915
8901
39625
15585
19716
44272
25202
23605
31013
56570
1617
41425
43861
5107
8976
3408
45099
5384
16495
8917
9552
504
1274
50605
1119
54194
17948
13708
4771
18863
2504
3553
72401
56423
15738
34380
5760
31156
49733
20791
1367
4306
15710
47221
21123
33489
60549
4079
5406
1867
69651
6288
340
14893
57751
4295
17937
13640
16836
48546
9619
1767
21302
3220
36967
9752
9975
33597
43523
43853
26793
1146
6056
64762
1166
16957
53700
16986
22828
26172
14740
34056
24288
16725
60420
41222
7515
28980
53922
2266
45042
4412
967
34932
1814
14983
15932
53672
13074
43809
12292
15574
10250
2485
35178
15031
16796
56097
3571
33433
50654
25040
6498
15383
18918
155
45784
17854
25457
57148
13609
51
39783
31201
12193
34580
23744
39596
4732
26756
1328
38731
22364
61450
5457
46026
9692
7273
60229
48130
2868
22628
26790
17734
66348
27827
2974
53848
26522
13396
39970
40461
388
13563
28563
12883
15725
17908
16581
34671
54232
21547
15184
30550
18786
3661
12648
964
39055
56401
17977
34456
3582
848
52131
6816
5339
21683
59698
2669
10097
32248
16527
61468
64777
732
20794
41610
44565
52786
23766
9733
19122
9952
1804
1504
196
7632
2680
59995
15452
5940
18458
8928
18743
28651
646
60266
69088
319
22711
3161
39495
56214
8909
744
17969
27711
56872
19015
18170
29901
71335
38047
22629
4344
15773
13620
4316
34922
51937
4415
37029
15407
9191
2522
13056
3901
13592
2253
64860
9108
7038
20307
5671
10072
20967
9813
1277
12715
35946
10003
71664
15767
4259
19020
20049
57714
16710
14919
15891
15688
39516
13567
22680
23205
55376
106
3765
41860
5285
15062
1533
50846
53580
13957
759
66260
39291
43618
59430
28444
296
5663
6031
27536
34488
29789
40307
50786
23606
19579
2410
25593
5309
45815
29991
38123
16568
47283
16933
1415
50887
3234
20479
46737
35104
26782
24468
41137
27719
1631
46355
12042
21649
842
14542
15740
15918
16430
9721
25456
5959
64376
42943
50898
65819
68473
13368
23010
62949
37960
17831
12231
20902
57822
9461
65713
2143
32669
9965
67276
6866
2359
37149
4666
21494
592
15205
120
63021
43795
5933
52967
59601
329
12205
66962
14768
57605
8891
49256
13100
14925
6718
1442
13289
47271
52611
20178
12892
71113
43822
62381
49784
15182
53688
38119
18901
58766
5376
18087
6867
607
1543
52604
8844
17892
13869
47624
13141
20935
10058
9152
45797
64432
34897
67866
6123
43752
4844
32548
16733
15529
37793
635
6813
35034
47602
20176
1859
20338
9014
67862
34313
1695
7569
368
21268
9776
47590
59589
52670
4494
25973
15837
5644
2050
4264
17873
34013
48026
9884
11829
3772
51016
5691
6812
18162
6965
58103
53697
866
9652
20130
15508
10148
14992
44071
15774
50612
921
822
15071
12601
1600
24926
39830
1839
1160
1492
30282
18853
665
39663
3745
13158
22876
25480
2934
35475
7581
2862
35305
19199
25990
50134
1550
689
34431
5049
34105
10537
46186
1226
831
60440
46321
30875
9507
22622
25520
1858
1445
4517
28723
5532
1910
1446
16661
7857
16990
1075
17916
21858
24064
1141
12147
12073
9632
9410
12177
8915
9069
13505
32593
385
2068
4560
640
65408
54966
56417
4884
19046
15006
227
16689
15351
8975
187
5588
47276
6094
18030
4478
17490
726
9390
50001
60903
41634
25219
15905
55472
28432
66266
34360
9773
44722
14711
3412
25901
5113
1225
15091
16499
33511
11744
12370
9621
15555
3643
43865
17168
25264
53829
33944
42978
43848
62812
27640
138
6651
15146
19917
9627
52066
18020
15995
16978
13380
50425
50259
24754
16806
13411
35337
38735
61043
18780
174
1054
24713
34468
20051
1305
18790
57311
2404
6641
17178
61616
29335
151
17308
2024
11732
38366
56894
18329
4153
23363
9726
44488
3847
13536
1835
6655
54080
6688
8977
30801
53844
44444
5616
33292
47209
34591
3785
17944
47330
20746
14881
5570
2187
61618
4878
13703
62902
9731
9793
45917
15325
34832
37754
41552
5249
9693
51217
17833
41330
62794
48427
51933
10234
17006
59428
16738
18984
48470
1339
3188
67964
45827
6702
16506
2720
20153
56871
48419
15049
26890
27179
27735
15420
43816
787
22105
7863
1589
12196
16477
15545
15061
937
8982
48602
5745
16707
13431
2568
939
14141
33348
2010
7804
17159
5503
47927
12887
15590
19000
58969
17729
16531
50639
19687
1182
34434
41862
40265
51729
20468
25695
6707
55929
16784
20215
4090
34876
23964
49582
14717
13281
17015
44412
42023
18913
10175
55104
20107
25574
11576
21733
1140
26244
13516
56799
12963
9650
41550
16351
4320
1816
143
38073
2570
53616
9164
7915
1798
18908
48512
46095
3925
165
20276
17733
33920
38544
2285
1162
6692
55858
18925
2272
10135
54581
48017
51659
48261
9690
3131
13358
16632
27635
15130
57126
14783
71709
34981
19600
19041
27186
12775
18199
44090
18772
25489
1077
56034
21935
65166
9005
34153
15423
15636
12934
41593
27728
16839
61068
52453
4946
9109
35294
14452
6405
9656
39446
75
42832
9812
3967
3993
8659
1718
15720
22818
1606
31960
6818
50133
15763
27187
26901
9225
13526
5258
52831
3151
2561
4522
24459
30248
15565
67173
22625
16726
16049
12964
12321
5699
55977
35032
38534
23147
39749
16851
20415
18405
26113
52
312
34775
31163
9613
12895
3155
107
42800
2419
186
31004
46427
16633
16654
1336
1570
32602
16344
28937
16774
16929
64908
34752
26209
33806
1782
34323
23913
19603
4271
9527
15468
5365
15706
48276
4481
1421
14523
16526
30011
64853
5443
7
1380
13557
12683
17860
1144
3482
15462
43791
17068
54937
9895
26368
52432
37708
9618
22780
4346
5144
67091
2579
3179
47825
17949
31881
1663
13899
10943
22139
3206
13587
1397
14195
12297
25492
676
15218
9297
1049
18305
710
3832
33769
2913
28447
1187
16781
21790
9303
4036
24463
19625
4948
13617
68974
54454
34351
13467
17326
1560
61421
28585
16414
61714
30598
1245
39530
3856
2288
101
7531
16176
14761
67888
55655
21563
34496
236
5702
49074
57357
1410
53892
14999
5740
9368
68275
32768
45813
52318
16732
53759
66267
30597
41494
28424
17842
17813
69837
9273
37028
19661
20152
60313
56243
3872
34805
13476
35519
20132
13549
48805
6636
34305
1868
71995
34851
29823
701
9655
16468
29144
3320
24186
54615
15053
24716
13648
20050
29306
13014
26653
3844
27095
8019
26057
34306
46091
59801
41426
34061
55488
13063
62644
2853
4389
33734
15427
2237
33040
16283
36840
117
43890
16183
56639
4041
20525
35414
2157
8999
52962
5828
2612
66989
14129
9187
44085
49577
11999
27114
10293
21252
38376
1433
3058
17851
15465
5972
35920
25211
1126
37892
7849
67901
54529
3935
34927
62089
30007
2153
35945
1984
8099
15951
115
19086
40022
9107
4167
16374
16747
5788
14014
49603
39478
10410
21807
20085
56682
24735
27707
36950
2274
51078
13455
13547
57723
13260
17999
49146
465
20179
67258
18137
13511
52368
42485
8167
31570
40120
37321
17060
3750
52133
5741
20200
789
6554
3066
41250
43521
16375
4822
18010
15860
2051
53007
22330
29933
35071
53493
53834
13364
14184
34902
15416
56098
60172
45969
3181
48230
14727
10083
18982
71496
9414
53705
10608
21706
13494
22764
11505
56077
42583
16544
27401
15221
9397
16785
25039
60
32329
10202
18034
16494
3469
57585
2554
5568
66612
931
14715
2519
62576
5825
15746
18183
6484
35413
18967
1239
15830
853
66154
288
110
2231
60029
1313
68477
72179
324
37181
34668
37151
18484
1581
20506
17822
66287
14132
982
12948
3437
9798
22520
27876
16029
52909
259
9678
15232
1951
65040
15185
43369
3166
44490
3999
42310
9640
17778
22602
70444
9620
20205
34213
13707
24820
16772
12793
45878
219
5181
65702
6785
50190
18902
9638
10355
14845
23614
14206
870
42299
54428
39758
52377
41559
38325
26035
54226
43937
25050
15661
57836
14661
62594
39508
20388
24876
13821
15293
5295
8838
40359
20858
805
16844
15206
15568
12473
25750
21847
27708
14890
43992
33932
4404
25566
7086
37265
16251
6792
51745
15300
6772
54681
32699
55752
35689
38065
6035
23349
67444
43989
29284
52583
50303
3262
9624
1131
64416
16237
41717
59766
27221
25006
3182
50071
4682
15876
38185
9305
18278
41546
50523
9969
22693
28452
21301
13690
18408
43764
806
47637
4141
39241
14858
2518
31040
12307
28011
15544
13419
3697
70863
9606
9139
43833
55857
8981
13400
3562
47308
43076
31476
3444
16859
1773
16626
62755
31373
50772
67018
1464
54545
70585
17287
63676
15382
3754
13340
12891
14851
52410
53900
2817
57372
4337
65351
61895
30378
3332
34669
18516
49068
35713
27716
57613
21485
5922
17613
3716
3075
5407
6683
21607
15835
5454
215
31068
31487
3528
45817
2513
355
3803
56642
38710
9221
70188
12012
25250
5114
5228
38169
1791
10061
16824
1649
3344
34649
42813
28571
31159
14485
23628
16692
55562
10046
56897
45613
4582
13447
7137
37195
13910
38162
45922
63079
45802
37747
38178
17800
3860
44592
7621
16985
61180
25653
13384
34899
4670
15698
38597
60399
1168
3789
19164
51058
9376
14613
61300
18025
24142
6105
52344
37650
33047
2432
16510
53883
42515
29940
28555
55460
13065
33488
30796
12310
47462
11912
33502
41912
56380
29841
27220
13437
14920
5875
16669
2562
13515
57635
2663
31166
1374
10238
49595
53515
62430
37222
356
13746
39553
41596
35443
5839
9451
42086
17824
53803
16523
268
40594
1709
12817
22085
5506
28049
61259
37899
14782
10177
7652
47500
16714
17704
27832
25193
13459
3343
9116
27743
15239
39445
15656
44668
2356
16646
65463
20012
57023
42210
10005
3718
16007
2386
9941
6894
12283
39511
22452
4999
4322
41979
5822
45819
3191
10505
2731
1920
43462
6701
281
59271
60376
56992
678
33670
41882
14743
22369
16460
60668
17470
67873
70509
40198
2971
3448
15886
4758
49397
27668
6625
13490
2851
22157
62366
64862
20505
19173
13438
1118
2420
65403
30978
22356
181
21267
376
41588
17760
59042
26086
12725
28142
1809
10556
985
15764
56802
36947
1937
250
13349
56507
54011
48327
12265
53338
47204
42203
2164
57776
46671
938
21492
61326
32794
67142
51421
3450
13857
11737
147
45941
825
34657
59845
8987
28614
15467
1281
26131
13053
20510
2473
16691
14928
42963
238
34828
26721
20225
31442
26136
16580
53813
13441
14796
25993
2637
4385
9
13964
23941
34372
23564
17928
43798
16359
35521
16877
28658
58768
21320
140
50295
6746
15806
46049
1711
16629
61349
15135
1254
55697
8459
6984
4807
16164
16884
17589
15386
1385
45238
12261
34389
59563
5316
26507
26011
18069
27761
34826
48588
50860
12009
43921
15177
1784
30386
123
12714
28831
33501
15256
37979
2906
30607
20665
27683
6743
23512
9281
12606
52527
40299
24319
43561
14115
5215
1799
7670
59902
709
4680
16341
14698
15181
26160
33991
56879
55956
24838
56482
13726
31917
20292
58200
52040
20041
9706
4030
68737
19553
43805
29
1447
24471
7527
14981
7472
17746
897
7499
43940
1739
39452
30579
68300
2912
15557
15483
5433
9288
25378
4796
70628
23726
7455
15699
30342
18981
28010
742
34021
21766
3212
55581
62777
6668
4305
54247
1925
55840
3681
43942
16170
8936
21298
5186
13701
60118
29295
62437
9355
46749
10270
31833
1657
2854
62701
74
1521
53029
26120
12932
53826
9679
15110
19418
5405
29290
34631
61196
10203
26332
61257
5824
15362
14494
33568
15151
53489
45604
47940
5710
3357
3934
16730
4272
31240
5817
14927
9110
13810
71951
2928
2750
57085
60874
9953
3990
6737
61093
30246
37736
39898
16594
38181
31176
15715
54254
334
20256
33387
3456
70873
35921
33366
20763
35090
14461
859
2829
60348
5789
34469
4834
14128
10326
43911
34780
9228
49513
10033
1760
68987
41594
9346
67501
56706
10524
65062
45704
16762
52320
2103
32979
15190
47443
3989
45991
15733
59084
9150
2360
18986
292
55700
28016
43332
1495
21291
9133
47202
48734
17101
67232
15572
57510
6771
20679
5491
6690
15305
26091
18050
17771
41639
2608
2373
24313
6248
5217
17388
14656
55975
20397
15496
16706
19617
25961
5686
35282
1276
38275
1306
43962
31633
17089
65316
297
45278
43352
294
40586
27925
4304
17471
66728
3091
4882
32657
18935
3354
9389
53668
18506
863
15717
64739
23575
3986
60969
64396
34485
9205
13801
4278
72622
1677
43804
36961
56597
32083
20110
5437
42528
873
16756
1505
7118
70842
56142
25192
311
2315
15712
10087
11443
52754
1457
43635
4424
60126
9940
22136
6769
27236
34912
15518
48563
24935
49786
367
9608
6947
764
6657
5720
66854
34992
52535
52935
49538
63919
38106
2102
23596
20528
5742
52648
45907
9358
22831
12812
12890
43823
21686
28565
20065
15381
52060
17817
8846
656
27947
62927
6402
62660
9022
22534
28678
44166
2197
27102
29939
47055
43797
15419
6183
2066
23346
12707
39245
22699
26117
23361
20519
15811
50401
22642
16608
63636
53012
3436
6795
29853
71753
19157
37505
7607
25030
24634
7633
2088
668
1408
5854
42536
46450
23233
70429
68
4751
16228
4854
48866
60154
18177
37042
23599
45859
9737
64630
34578
13585
1926
26919
8907
680
16108
23640
15772
18391
3292
10343
2861
52289
1430
34514
65136
41525
41141
13572
43701
9159
3378
38064
30937
12694
961
2079
28191
51070
41528
47207
39326
5472
6732
31171
47450
2973
15047
4324
23289
625
3003
31473
4093
25318
24731
14106
2938
16524
3418
34656
35508
70
39566
5213
16513
1466
15222
15001
156
4045
43875
2207
22174
43637
41299
21696
601
23399
15596
30892
39441
33027
40205
17389
266
3944
22329
53845
788
3467
5906
50543
320
20089
3300
13736
42080
4558
16016
15813
13355
6705
30198
9020
41710
1983
45196
59274
5264
27723
48025
15957
2113
3662
70085
17875
32545
1945
836
10131
9002
45199
13674
12622
56978
45124
31908
9444
48943
60223
27713
10371
48536
925
4537
35043
65096
6649
17245
9360
52001
924
9732
26815
724
16794
1092
15010
15650
21571
57115
31186
13460
10216
723
2831
16384
11929
532
46051
27891
41431
58953
2893
14929
2863
15756
1424
13848
94
12926
20382
57473
49736
19594
21369
943
1668
303
13704
6715
18622
14094
3851
43079
15588
5493
12182
65319
15889
18108
59741
578
47218
13266
14319
25985
57307
15355
3267
61977
43528
16592
580
15411
733
26917
68393
19238
43769
37256
37962
35016
1412
12054
13534
46818
19564
16366
72782
65045
15193
15011
10068
5358
16610
35902
13442
24490
33880
15107
34744
67195
997
28160
1210
34610
10209
1353
9149
45740
3677
45863
15934
32512
31193
18656
44552
23911
60474
17748
1655
24455
21729
3360
192
12581
16566
46670
15015
618
35767
37661
42065
21110
1768
34990
9609
70646
2078
15603
34047
52735
7102
56748
8884
4756
13593
18617
48131
67870
2514
16528
57469
55575
3060
12750
7548
38347
45845
15851
9089
12729
46058
9877
13415
30354
42871
16700
14917
48393
1062
64755
23912
17730
23664
15865
20893
48995
2736
48435
24652
22334
4750
40911
62655
13812
16773
53679
687
28556
673
49874
16354
50294
20790
6793
44075
53180
1079
41814
56264
30552
1696
34245
41237
15556
21910
56565
15258
16637
1124
2
34663
38963
60248
50859
14923
4487
82
5372
34455
4977
19077
52007
8881
13413
70827
38690
13092
13979
47955
39438
4954
29316
4062
5932
69276
39451
27786
28
596
34556
10601
13473
71482
4483
15074
25434
14495
24312
4096
13341
57195
999
55105
53630
15827
8974
396
16684
15668
10225
6369
7856
17784
14148
18257
4674
1428
3006
2590
34460
44050
35529
22660
15671
158
35007
18938
31168
2597
53947
15424
15599
46229
47022
67750
46532
10913
7601
21590
34368
9716
56643
34686
31308
45822
7488
48248
37165
13222
661
49795
67299
1484
15196
50738
45526
4370
47273
58966
46816
6700
21112
40990
15602
1960
2155
2537
20222
20863
10197
2138
38166
65412
20013
1658
56196
49535
34786
17901
27996
6626
15464
49549
56798
16793
28009
56238
253
46414
3468
8356
16457
38139
45382
16404
30749
16742
2073
36800
1741
55754
9363
38140
9971
4607
16827
5948
2925
71418
1771
34643
63067
4016
20688
50924
20347
16540
1283
47224
22617
13200
5625
9351
46432
14991
17740
38902
20684
64
9387
26810
47070
35365
10316
20014
20265
18823
4865
22855
12281
226
19080
50638
18794
3706
69394
79
60854
3696
64874
5764
33293
40122
18453
40081
6895
116
4937
3838
12753
9697
45105
17393
16807
15176
41602
25475
45773
48280
49879
34344
807
13785
4091
2881
12367
3873
70325
18741
118
8952
64965
43536
13356
40270
16358
13105
42525
25485
26168
22123
38070
61319
54532
1148
46042
15817
55786
32825
20986
14135
28732
13845
12792
14370
4966
17632
12305
16199
17236
60719
8980
41565
4663
1800
21758
23387
4493
5602
2582
43968
39947
33770
14931
22650
119
44617
60056
18074
27324
1220
23847
6765
50307
31063
61489
14982
38068
27181
22164
26165
14997
956
9819
20081
44757
935
9818
44
67516
2916
1195
27375
55799
9903
38739
25346
13908
4419
162
1392
26201
26156
22673
50781
41652
15167
13297
18052
28551
6652
22346
18033
15709
54277
18045
34928
67138
9381
15142
5753
14868
2081
63662
21928
2483
14786
7525
38357
33299
328
25131
2326
38389
15571
71635
2098
32728
57239
16814
9852
52990
72
54928
52367
25509
49231
4806
19
5415
43662
47201
21246
32756
13025
240
13272
1178
1474
53824
5537
63145
1468
18620
39450
33250
17261
70779
1045
50567
13399
61825
38199
14383
6714
40574
2867
6030
3107
13338
23608
1736
34241
65400
20314
23755
136
26182
728
3848
19547
27229
17828
16803
15367
1603
2106
15831
9375
13641
3308
41644
54379
52675
65253
21475
16751
14873
1003
16604
31856
13271
756
13402
16432
33449
3767
14202
34654
15291
6272
32254
52139
15567
302
35800
1559
19339
1966
1205
9560
35347
36959
13518
645
17834
50946
6048
3486
15484
20621
49094
32989
23823
11800
65332
1362
34421
6091
35202
38345
15677
3544
11634
60092
9651
49359
22742
67957
25496
24682
34319
8857
3918
29563
48978
30
14872
33447
4409
8925
10051
36570
767
25432
20685
6250
31169
6670
9371
692
17408
13225
17687
9384
13308
749
9334
4011
20816
17563
40948
48407
36472
2296
31206
53998
14952
37512
14946
42497
22709
17912
65107
4201
4224
45435
8880
16118
5252
31252
24449
16847
22239
6100
5330
17754
13423
27933
49830
20481
6693
4810
16471
17418
53707
16143
442
18952
51420
34604
1507
70535
14130
33788
16682
12931
45949
15450
37209
17951
7922
61467
61628
18961
67040
58975
21679
2277
60174
41623
27758
330
12180
41926
20423
18907
59908
1788
70732
17022
16317
36873
6814
37053
35098
1599
27999
47050
24464
34170
18003
3483
17796
45862
4685
23225
5887
274
1751
20128
17021
5988
14865
60090
6291
7277
620
10130
16955
48066
26832
78
22440
15240
54979
43646
30250
56116
9769
27897
7669
65450
16708
47288
9673
48469
26456
5866
27739
47762
13292
26871
54805
22221
34706
55915
15101
9662
16476
21314
32695
20556
2573
45
38141
20035
27800
64769
5323
37033
26178
44177
1436
17251
18041
10157
20693
9762
1480
3435
34304
27712
25008
32564
32255
26241
16855
989
1786
18936
24457
50331
39481
19172
55755
3829
9369
45276
14763
4679
51112
43607
61469
1802
34551
5820
48794
24456
15260
32352
67845
57733
55699
62586
289
9008
43360
40203
16416
267
42731
16417
13688
31036
36811
17700
26269
6159
17457
43465
13892
9094
18968
5058
4085
314
41875
30180
32968
5908
4949
44141
9765
62582
7836
1994
53334
20016
41434
9873
18904
28274
26816
70145
14101
5226
771
20044
13575
46083
23574
3169
15026
9366
28521
58414
21491
12206
16541
23344
29037
13934
31019
13558
43517
53687
35342
12161
17113
40945
44243
28313
24297
20949
21632
48272
4035
6720
70011
6370
14384
14903
23715
4747
34763
4374
19424
69994
3756
42141
35859
12145
42582
14061
16804
10595
48474
28067
9665
5469
1024
34474
49
34464
295
4755
41114
35341
29322
3241
40301
38580
16734
18232
40304
39521
13520
14852
55113
32703
5388
34315
9238
30826
8906
1729
12268
25545
14187
16020
12981
59893
1296
19993
58771
1163
3050
15154
21289
2407
34316
3775
4921
15534
58637
9642
3205
2099
795
52933
70502
36972
15808
34642
13728
2735
50304
35080
33371
47455
37
5484
56313
1197
4451
67063
16813
65233
1579
71321
60678
109
56210
69618
54008
14988
18103
9911
38428
26823
15531
730
55597
18061
15915
33085
51929
1737
18614
2247
5344
56668
15700
6778
4791
7479
10792
60542
15020
33171
38610
32439
40410
619
41662
42890
44607
18227
47134
15400
3626
3799
