56436
41358
5273
12666
26933
63948
9598
107
2711
68108
13839
50020
9824
3684
12943
65458
68115
6345
8816
11327
44606
68045
49830
3514
9684
9547
52719
728
44733
45765
68452
49146
69723
61857
30372
10167
18140
53927
13307
18859
11751
60571
30587
67879
25833
9454
66631
62643
32685
42599
9268
43735
69290
67914
14385
42220
35866
4901
66640
5714
65851
52506
8809
6764
22252
7018
2466
45579
36931
6562
62959
4070
111
62935
26256
8780
43012
21397
37425
7462
21548
882
60415
37898
72
60066
62126
48842
66676
54878
4000
48636
16206
42765
61903
11444
27923
65477
56617
12928
42837
59811
11704
12830
1500
14482
62965
58569
4649
23986
67967
32115
9504
19699
68894
1336
9745
60564
68196
25814
58493
37465
26415
22285
1348
69415
66413
25139
48508
46930
67489
16185
37990
62708
62500
13211
53586
6383
17162
17791
17
62751
40981
44696
65129
33076
12784
62335
23932
59
67092
39233
25724
18836
8885
44669
35820
60568
28061
37515
12916
5075
63428
1428
51470
68264
34225
25625
726
29
46082
14315
26921
14494
6644
69510
48572
24336
65454
18838
3653
15042
22500
262
27984
9218
44214
54824
71619
56813
4720
31728
30769
64275
45846
51727
58136
38913
14510
53199
1509
17219
23847
5530
12587
297
5339
4604
48601
27252
28867
65452
48834
16176
911
46506
9508
63028
34086
58954
51885
17963
45273
24101
67723
14198
46730
28405
1761
49895
116
66239
5952
12104
36537
49038
57113
56368
36618
61726
27957
43598
45184
61141
36572
26553
3
36447
90
41614
69133
62401
60278
44135
16439
628
66637
27115
5999
67515
56621
65417
72104
40540
71617
53492
56826
6568
30144
53548
69458
68141
7701
773
37316
24651
5390
6774
8751
4351
27327
6559
49894
4733
66539
59345
62251
25768
28091
24369
1222
25828
31733
56371
71638
65606
62679
14476
13650
60703
47015
4450
14151
9190
6724
42175
46841
70993
60603
52425
53583
14561
51463
363
26566
9524
69471
60707
25834
36286
3790
63398
29934
47404
52171
55292
55882
29694
3747
5358
1349
68149
314
44769
26186
54558
63074
27231
39531
44160
3240
66659
36854
26191
1502
78
23907
25738
62765
26934
1481
56208
34723
8837
8770
1226
26928
26321
29446
66380
1444
68097
3813
117
50230
5692
6317
37660
64026
43805
42620
61078
1489
27213
5677
54553
32216
71117
103
1071
1798
66643
27069
62724
13936
43162
16173
1282
62260
62943
13258
60277
24874
9189
48623
9230
42748
600
38270
60223
302
54727
63531
61625
81
17451
4760
60556
927
19679
14263
11366
54537
13355
65007
48121
28067
46500
6199
12581
256
43853
10914
3834
20214
58798
48840
43041
2270
1501
25186
62432
32172
68767
3186
28203
61499
67841
60565
25129
2508
55239
11779
35121
62406
62961
15768
71109
8981
41024
36115
9214
42514
1584
45695
64053
2863
26439
51052
276
9348
65816
6049
6994
24731
37867
19
63922
4247
167
24346
56937
10915
49842
66227
34177
62764
39583
9236
41284
65446
2181
66716
37873
23
66488
65471
851
10195
10313
8774
59966
65436
6681
49257
53385
13497
25787
63024
27014
9793
31676
3047
13262
764
46577
30582
55091
17409
2031
32927
47268
67903
54847
2843
68525
43332
16825
321
455
16794
10
2267
25739
66726
21897
8884
3246
69780
4009
66608
22497
5629
34816
42360
68886
18809
32996
50331
52336
48691
37855
18804
33391
686
29787
12909
13048
27147
69482
21572
4671
33293
1742
54407
48285
1169
28045
18801
11435
57458
68247
23849
64090
21398
28081
1154
64966
43219
44491
6096
2224
22291
31633
22804
5066
62349
33307
59796
11385
59187
53174
68022
48380
69168
66648
33190
42751
66555
30370
49733
25736
43203
3168
53367
32407
42647
28063
70856
43191
172
24825
4569
23268
47462
10088
28397
11100
1485
41053
62677
64077
9888
69346
24590
4407
26922
43183
18508
43851
13350
34058
27987
28162
37091
12706
27124
49720
56953
14528
47710
56957
391
43742
26762
44969
124
5654
2150
19040
60253
71448
59891
27055
9192
53290
2317
36229
61409
9240
57570
13703
66587
26207
23837
5516
67117
2564
59996
60310
372
65539
14432
17419
43148
56291
36610
143
40721
66907
62651
65438
39596
53977
53787
31
1878
59210
58405
3223
9642
27287
6556
32192
33471
59287
31823
66068
22774
29144
2677
3033
1813
8844
2561
63167
379
33506
45395
21825
12192
31133
20122
65405
1514
48826
4726
5688
67712
42302
5814
25832
49838
3152
58553
43260
49799
67639
22495
21802
22484
67810
32144
11885
9231
56684
42107
9618
17376
69366
65636
10771
50156
17688
36223
28339
63259
65398
62204
48970
57540
5166
39853
58528
48822
6561
43228
65773
25134
11434
53441
45674
53719
33953
2898
1733
17930
13435
13054
26962
6346
23954
64128
65415
13068
37868
27493
50869
25836
43281
15010
9195
292
25188
61708
11071
10323
44636
45617
25175
8509
1073
43067
45326
50005
37871
42872
37922
51334
46835
14887
24331
46812
14107
66830
384
42277
13494
65457
3893
64185
40687
19092
68304
58766
67626
31681
28295
50992
6570
2513
22233
46554
23846
18807
53752
2875
22382
4006
68509
1417
27039
55010
23909
257
11055
42297
1663
27528
18840
51935
12860
12793
33665
51
62955
25152
69467
36375
67089
699
66516
26686
58208
23958
976
28691
36955
49719
60015
25271
25146
71758
231
60001
25
43211
22235
68206
24367
1483
35528
66668
65425
29325
53418
63420
14827
42319
324
48841
49920
39625
68054
35242
41988
32587
31088
1464
24000
12749
13670
62774
56389
28958
15721
15415
4882
4355
296
447
26579
36470
650
22773
65404
48934
1519
31846
17993
13040
40817
15388
66530
24768
23803
27467
65893
67035
373
42397
20303
26926
8792
55598
61170
26514
65414
27114
12642
10489
1470
22104
41054
66297
62257
66452
68464
24248
16141
17939
39877
50939
1412
43337
65426
31641
18856
66660
829
49805
49804
47397
71245
65508
19065
56682
5699
51583
21284
42293
43640
8777
15173
6384
26898
13104
25020
66486
62372
11609
25111
59171
51252
42421
4605
36836
65450
33798
14544
67683
63095
60416
64076
7287
16131
49715
1521
25745
9652
9371
36911
44683
62966
53527
39943
50637
53916
47281
50163
1165
48480
62802
68007
49726
36578
63588
13534
0
33556
35216
60567
67830
179
63053
64104
5892
62630
14413
58316
22518
14741
62982
9627
255
20132
67093
33624
52959
13698
27953
27201
37949
25728
70662
37423
1064
53216
8766
25849
10291
837
105
43073
32610
14969
33539
24337
50414
66495
48650
36623
70092
14113
5404
22254
61346
311
3968
69501
63721
1457
13501
247
30740
44678
65419
5201
1044
4457
28444
9589
61649
14115
25627
28032
62272
27249
59111
51080
5748
3854
31314
12274
42228
13701
14137
10512
14347
68135
48365
42730
26794
39780
28124
275
46493
25140
56038
16142
30591
56601
2532
50825
40335
1163
61968
54816
27471
8913
48488
6667
14770
8684
28482
69390
28885
19119
57992
1907
56497
20198
43188
29968
62949
59027
42530
55709
14806
54139
779
11336
52437
60081
6429
2437
12265
12345
10967
6081
43173
19801
60210
3503
27068
1503
9255
60732
20960
1810
12795
16069
26914
51316
13414
19869
156
25126
215
326
21150
12926
25250
25621
24026
22632
42581
10315
93
66455
51236
36365
16129
4145
65434
46564
862
31467
70666
24833
28385
65459
206
3359
28490
112
35329
44672
6560
69921
6295
46919
66511
27125
52228
31825
145
42219
30682
20003
1932
50139
40904
43686
694
53399
15669
13060
23845
27392
12815
40481
12632
29508
8976
10337
7167
14141
50683
17664
21990
5707
37863
18847
3875
5756
4448
14886
62934
25799
1253
62804
43145
15758
37319
22640
14981
48925
50550
54556
42256
44489
61250
58064
33659
33035
53146
66666
37430
8808
14719
9343
44379
48683
9641
11510
18403
6594
8856
1414
22467
28370
77
10682
20308
24240
46637
57
62254
64031
5311
65406
49800
19628
57364
64338
66431
63400
40627
31820
22499
71308
68055
59870
4562
67084
26497
26369
16426
27955
51311
14743
65465
13751
4926
50475
51961
65416
8962
69060
23984
6251
20607
45630
25723
27050
9706
36448
4454
8761
52764
4353
65
67863
41900
747
25216
5679
21932
667
9145
67090
66482
65456
70896
13520
32278
6649
66673
31967
26905
975
42746
207
50073
65840
422
68528
62954
57275
40478
61122
62718
48576
48681
1856
5269
22209
61457
18240
69488
695
54020
66153
25217
18818
57988
44408
896
67785
63409
1324
64848
12442
67904
12812
2883
4947
63653
3832
16075
68399
3704
7358
41637
938
33395
16389
71093
53539
69468
1099
17953
42488
3256
65593
42983
41519
65857
65397
8951
5882
62762
83
13305
22765
49983
42988
3961
66463
42375
43163
19506
27909
7650
52952
14717
3590
62960
50
54557
74
1505
41945
15862
8351
9191
43250
14096
27308
12258
14550
10714
50483
9201
31827
8391
43867
171
41010
25838
19220
22496
66462
25612
36275
16093
57569
14524
9683
33472
64988
2938
655
57018
19315
33589
14856
19196
2530
66532
57128
27242
42734
69006
69442
49859
27279
49667
13210
53438
821
42314
31870
27168
26941
56269
54266
5049
43797
26482
62249
11430
61458
36459
60787
68474
4393
4384
670
62945
50628
63352
33291
1308
59892
45025
1132
46504
149
27982
53198
46805
10749
4150
2315
5
1786
15106
65429
37925
361
25789
63475
1178
374
56187
5944
9427
4023
61131
68717
8977
42231
69923
50161
54789
365
61771
34381
12155
60757
2828
46573
65461
12799
33378
8839
11176
67809
50133
39446
65401
37061
50263
64286
6034
44200
42504
65453
6541
6502
3074
18830
5202
25642
69802
1162
55095
3978
30339
12901
5753
2118
24706
5872
42446
44461
17425
1800
1343
931
15084
68541
54275
34998
26407
53036
36660
62711
65413
48825
3868
8879
49604
26788
27611
4634
1258
69470
26716
17817
67871
30520
39626
21556
27954
11529
42967
9491
66652
63938
52161
10542
65466
59848
118
68123
53488
43081
51028
31817
66237
284
21367
33124
52776
33683
52078
54562
4522
12305
67080
2553
46497
69500
23843
24827
52846
1239
56194
65441
45473
4054
26231
58288
62951
3155
6130
15119
62599
61664
25151
66922
3830
49892
50022
69182
12838
32976
3415
52845
6531
706
16198
62953
12850
28175
9146
47078
33265
64815
62938
43063
31715
1991
10094
36591
16653
41822
5791
1471
65475
62871
42899
339
5257
17237
41942
42732
7041
59900
24349
42648
60225
51328
26627
79
65449
15465
1948
108
21417
62981
63164
18882
16162
38855
9381
22379
26948
67913
21289
31618
67120
33389
30783
48693
43810
23328
52997
69176
9592
16779
68305
54061
13939
31031
34747
14196
42886
65590
19691
14002
42552
60276
31055
65348
1442
66957
71682
65421
41989
64017
65410
28536
53446
55031
13051
6921
14982
5235
11614
43164
11780
27522
1517
25985
5623
7110
13256
26797
3766
41096
18826
1507
8987
24059
20439
56434
33840
14059
3560
5347
28294
39514
44630
1224
26455
41026
67062
1141
8024
13134
95
49796
48329
24826
42669
51971
25749
57503
62684
45656
67490
61825
65628
8703
49824
54757
52563
17950
6640
28016
52064
37908
13076
17422
66460
60255
119
40523
37482
66451
31152
41202
13489
681
70650
62631
7114
26555
25117
1
59845
14802
60006
12
62340
25835
49831
16181
46496
10316
242
2300
32973
14713
1906
35564
9647
55735
42520
43385
60197
27103
60739
53074
5386
30896
25837
42222
55708
49982
64112
4643
43876
56263
68041
37340
53986
28470
11286
69347
335
18132
36632
24786
62772
38785
19344
1257
53481
352
65402
23201
59931
34121
63408
52172
42188
68331
42611
50638
61723
15893
5170
131
49966
5960
26929
54
41957
65692
26925
58872
36902
58090
32903
62620
48515
27070
67125
26625
32912
37013
1221
44693
58264
67179
61082
4386
66923
121
56090
31595
53193
31821
1480
36429
10719
42489
66702
16761
46277
12247
2071
44697
45608
48597
23836
24767
36923
25729
66594
61627
43192
17974
44640
64296
42713
10211
59849
21326
33384
1319
51122
15453
53355
12900
19164
9530
9534
44687
53240
49633
58825
71055
5248
62793
10561
5663
42321
13129
54701
65420
26506
25630
48077
25831
50823
23844
36662
59929
65871
25681
42366
50635
19179
53896
2756
68689
18855
63196
33490
50822
37325
7117
27255
61500
62962
24879
4418
11431
