29701
12744
25558
59027
18273
10094
49412
9097
62202
19347
72993
22156
13381
46791
36387
23770
1094
2076
42951
16336
5248
26853
18534
12571
7074
34841
57158
6810
22637
52484
2869
56903
58008
12814
62059
43209
47216
32670
62466
68976
14681
67305
39780
72080
49101
65491
1503
65252
5682
13905
63783
63997
66185
54658
56892
48994
61532
10206
4025
15670
28949
72051
67234
1066
923
68311
1343
4078
3207
1666
1347
50590
67250
1264
1911
15421
22423
47328
4439
44283
45337
13363
15877
4353
66381
18686
9767
43366
69183
5219
15855
71887
71670
9637
10
67284
67723
53181
201
28804
58145
43181
9646
47251
20869
8328
28173
53851
37969
43543
41813
17582
2154
50925
43998
46308
1065
22399
39658
650
61321
7197
43794
33613
3102
22128
42050
12158
65979
63368
24428
31022
1776
71435
60516
27850
61750
5862
60673
63631
5729
64736
59201
14887
46574
8927
24602
2576
45381
51630
28834
3177
35194
817
6018
13894
49411
30601
9313
23787
63275
55450
16695
50593
33456
50510
9887
57902
70720
354
15429
68011
30113
21713
3259
4378
72459
62316
61928
1586
17419
70895
66648
61127
14062
29912
56877
3988
69530
70190
68995
41808
18304
60559
323
69127
52731
1451
15679
11834
20507
54276
46383
62109
4564
15292
6760
3123
47523
30087
11772
48428
53392
59064
65964
54714
5015
16047
44814
52177
63834
54564
11983
35018
53827
43046
18
13284
69482
14531
63743
67075
65971
4492
26264
53830
22091
16198
13484
49184
50631
113
16066
16168
14427
10605
3
3605
15304
1512
16158
2529
18750
34014
98
14824
45340
33411
13013
54737
43
19380
67253
8889
39523
67285
4924
42394
38535
15133
5574
46783
17443
14515
36107
7172
40298
37257
37155
65967
15675
19698
15343
9614
649
52666
6779
67161
16247
12816
42983
38126
9189
15083
65999
44498
42629
10007
65581
9937
9680
29775
27610
21537
21969
48420
14930
16141
28734
5779
68819
62001
15199
29744
23762
60514
71769
6722
237
8960
64058
68598
14519
27714
5400
18955
43113
29098
6391
4452
25836
9757
25020
70019
38116
62112
65916
56566
9079
45013
100
7266
50435
44452
34133
29197
15874
50381
6074
9605
30672
13387
11830
50575
50677
16123
53337
29461
63244
51873
59951
7550
28496
18204
11729
1337
15631
48975
29126
27709
2287
3470
1489
70275
6648
62127
4736
27094
54610
26764
37229
52566
632
21330
49209
65968
62966
66029
20544
8896
69
5467
26473
15893
16053
28827
61232
207
70265
54128
45107
11112
44456
45988
49477
60635
15408
11310
62766
12516
5751
21338
6666
50
56823
4696
33278
66412
27784
29052
69380
14481
24598
16189
67756
36989
34625
27819
20202
28263
46167
380
50302
18851
29277
44876
13140
68355
1255
21327
51182
2276
28484
71450
14322
61475
20369
13625
15812
70320
55349
13058
1805
3770
50431
14477
26500
9999
14943
47205
63531
14905
26888
46259
256
22086
48180
50316
50309
45433
69952
67561
4885
22409
76
1325
15809
64640
33438
21304
23185
722
27182
62251
6611
63600
42410
18234
13502
8384
10036
70226
42771
21287
18543
69118
11498
68532
70308
682
5881
49848
12211
27721
1349
1320
8921
54050
770
53577
22165
905
55053
27734
54170
12896
13463
68813
20252
49093
10119
68886
9393
10057
22343
15871
50754
15402
67785
17353
68968
29102
22228
15397
26703
4991
41372
68656
41767
60556
38660
25033
43863
5891
59877
70182
12873
44207
11691
43415
26023
71384
12757
66589
6026
4380
35257
33485
42952
361
23359
23484
22140
49298
54798
854
14063
14806
4778
31717
64004
8819
29777
8172
38324
32409
5731
63570
20249
21293
25005
50421
10055
43694
54069
26159
92
667
68996
6589
16848
175
50205
16390
26821
1260
49127
13935
71876
14913
273
15814
54792
6638
68402
26855
66020
54633
53049
59281
26897
37022
66328
600
48921
61367
713
22112
63470
68527
68430
43014
69808
5775
47809
13227
28660
11909
38128
56472
52308
72487
14637
54137
27774
66814
1417
63509
33709
690
55204
245
19869
16583
37574
150
5302
45731
72373
27812
30286
27820
59485
1450
66039
59541
4430
18584
69921
801
50570
762
68347
15155
26932
17437
49128
130
25092
66777
58182
2565
10039
10084
60700
28982
8926
33783
70600
81
34080
14682
15515
9933
34375
15895
28000
6631
61733
287
14819
16391
38530
53694
9696
39319
41776
595
43499
31241
3265
20342
48010
913
61952
66419
59024
68740
69098
13241
52813
9875
62252
60982
49739
62810
44875
59207
26478
30603
58794
46363
49494
63551
13513
54274
3257
72385
4717
10721
9689
6803
45321
41784
42957
15352
10189
54068
19533
60622
67064
20364
28939
13087
18860
68531
4112
50406
56804
63524
42688
9319
14757
1348
26716
83
62339
66823
208
8944
69539
58252
6650
43316
20484
56988
5728
15954
70184
282
39614
16470
26484
69349
16770
45290
22122
43854
45763
50391
4024
9939
10959
65984
37269
20616
45843
13504
5917
50586
43792
15025
11337
68860
1664
56234
37488
66627
66539
24469
20108
3720
29312
28836
63653
15249
38924
24697
17410
59220
46347
34546
9417
71632
47214
9753
57722
51707
1154
2230
64693
65945
69972
66969
10621
50413
50939
13236
48162
20345
63529
56657
8935
72091
3666
46713
6766
3602
42994
64534
24211
4485
72988
42640
47
13859
10742
69839
32022
17781
68370
67328
66028
4694
3913
55064
12174
30809
70791
14993
65148
14183
50749
70679
30171
6807
27208
26110
44507
28829
59275
663
32055
1765
37341
16557
4648
67247
53464
50744
200
47210
28385
7816
60988
3525
1747
15687
35253
6182
66014
40288
30167
45281
9996
13542
54839
51732
46662
28998
737
34626
27817
25505
48024
45656
53929
47268
9385
51426
66000
15971
351
61781
67224
8966
18621
15990
42886
25976
299
69445
55529
19485
67280
54035
38536
35172
46515
6914
9154
10172
895
11761
14146
43849
18959
54220
276
6872
55640
15873
39144
22083
15912
16050
51425
34949
261
61271
21513
62099
1458
29399
16908
22352
30256
21311
30584
55907
6211
50211
2246
43444
4339
14686
30166
49488
89
198
142
59593
4688
22089
49481
12
51730
44496
34628
43394
63492
2286
40771
15992
46540
69187
65301
22264
47745
28188
10099
69468
160
22145
66010
57221
1803
9502
62892
63522
13269
27815
41839
64576
63219
69169
50376
4046
9052
53702
15994
350
55437
26138
16134
24247
68593
72455
969
45880
16113
37223
1485
9668
17843
67072
41566
23170
67218
20648
9105
59921
9325
1238
2481
67128
29748
85
17567
51802
62347
65972
39667
12179
43016
66897
66443
51682
45670
984
50386
62873
60953
8922
24870
3274
20106
16811
23490
57752
12640
17362
43842
17267
6660
42433
66002
9805
3885
72021
58243
51229
16003
63468
12628
51631
17504
26396
51593
72409
59614
13238
66041
15418
15890
20377
65556
35390
70217
622
67144
57363
55211
56703
57243
53890
69266
16525
43606
70309
48934
32261
9015
571
45638
13365
12667
64544
24734
920
13814
8804
278
68613
15970
38630
52006
10500
39129
55872
26028
31221
57962
16105
58513
27627
32721
62124
15776
43784
37217
15125
3097
62492
53664
26161
36963
24729
3532
55732
1863
916
59089
28558
22113
59744
27724
1516
16217
6647
7323
21631
666
8933
32265
67754
43692
50616
50347
10199
19143
51134
5957
67019
49212
63943
2544
37508
224
59534
61226
13099
60541
43379
33464
66017
962
70360
5438
29891
46758
60905
16
9792
53710
50676
63000
49690
2333
61233
13514
29836
43156
63250
9553
15832
53463
62290
255
252
13133
44539
22872
9644
66024
22847
38273
38537
65985
52842
55519
33853
41078
16202
64251
22146
42298
43512
54542
51974
50379
9881
17743
5662
61998
8955
15604
68192
63606
60171
12352
13914
46370
1120
8988
71440
67016
49480
18966
12019
41267
26479
59194
39662
24149
35031
68599
5752
14693
60565
33500
37309
593
2724
57866
68563
52064
43802
15003
60397
42657
8244
18943
54162
36977
18954
8900
56837
13229
33459
32761
4889
48313
29173
10115
39313
34378
68799
45677
4825
53839
15841
33512
38658
4605
41294
9200
648
28680
6514
6644
65411
34935
29948
29714
68348
30134
4338
50224
39204
63197
30835
30237
50812
42139
124
71870
9709
13686
43302
66400
55414
1017
9791
43834
58920
34397
68023
69244
61740
1478
13253
71856
10494
9728
67271
66302
26887
66015
22836
64506
3449
1068
4848
63516
6913
50632
2170
40000
68204
45315
3849
25415
67473
67309
42478
42655
49585
64307
336
66739
51922
61405
14789
50382
46456
68575
13487
6419
21290
1400
28835
32720
67155
9607
63324
27821
5393
50078
1493
25568
18963
60517
13918
13612
41224
70092
11930
46268
65716
59929
58756
6723
67757
35695
34472
21508
41285
14487
62108
31825
2109
1952
15941
23
66098
67298
1251
60894
50741
24715
173
52556
5962
66251
22102
44521
20046
47596
71
62491
13343
13036
9669
37273
15046
21
33400
22634
31364
43381
9699
45123
40536
59513
64543
2879
43028
52334
13598
35498
48401
30099
29904
36953
68418
52771
28819
146
27196
15512
61794
5313
105
50298
15844
50489
59182
15880
26253
49019
11769
12734
54229
19585
16084
7148
24818
2892
68667
47444
32645
22101
6506
38072
45341
38563
9617
62745
12013
9782
755
68422
66022
3431
47752
15108
54257
67246
46975
37127
126
17819
694
13439
16392
63043
33811
20776
47802
5987
3236
70296
69940
51936
39274
24730
55187
47206
38222
11891
50219
49246
29871
46630
54034
58534
50627
35280
59695
7295
68896
1461
52948
17862
34338
5717
14493
59620
53663
15938
12308
44873
34809
29879
66880
22098
31243
49121
13060
47549
45419
16204
42718
32966
63597
18539
15689
1496
20674
54165
11768
40300
5831
29870
37581
15673
67
3517
14724
1221
49965
41574
45331
23261
2273
63337
13147
15999
51633
97
42885
29961
5799
6111
5317
63602
29745
164
39496
26196
2294
7970
65973
67073
22144
1282
6815
66821
54638
1922
36815
69833
30918
6784
32698
16547
34507
32354
15213
16258
5967
32713
9202
14945
1519
22116
57682
63031
3783
26026
62778
56583
21305
42674
11117
46344
18075
35038
68839
28124
28338
9321
12608
19792
50560
62266
34381
308
20492
52057
50385
34324
64319
55566
31429
6327
32559
41288
3892
67101
29252
67036
53620
44401
47544
54362
22115
42986
71431
61230
35573
21280
20233
13416
36980
28570
26061
67106
28825
63581
17623
2891
15926
67262
36860
27177
62891
37318
22106
35533
68795
53062
1469
12747
195
68588
8897
13145
22500
29923
26848
40006
54096
63353
51088
41435
28669
34336
4489
61742
5689
45343
65980
19123
28336
36140
13409
38301
37615
72905
28600
60847
10153
70130
18964
41745
47750
43831
60885
21781
67181
5404
66184
57768
65994
43850
64905
60932
2328
31817
10530
1309
68417
6372
1340
43611
10493
39762
22401
4032
43973
15228
58947
51422
72898
24827
26927
66
58841
9135
15930
65970
41855
11327
254
874
63361
23138
13737
67358
14791
4805
29705
36809
60952
35954
27209
54013
52485
3870
14942
16711
27608
2842
37055
28830
51191
43919
66812
67295
73
9928
38750
26025
21593
66069
6826
34846
63742
29262
22107
9908
5237
14575
62601
10699
69684
26805
43203
67577
53847
7558
68451
6397
20151
42627
13052
13453
57650
49261
17932
16215
32453
65963
1
103
43881
1222
53907
48312
39430
33462
64024
40084
3928
67788
63534
46777
16097
1772
108
53856
67502
41221
15898
50490
63211
67069
2275
3416
48895
51234
63273
23174
1921
22099
1487
29905
17992
22422
7519
8964
22162
19037
573
11319
67241
3699
41807
49975
1090
68630
26015
62883
864
43516
275
212
27816
69290
11561
272
15613
18940
37065
43785
5744
68386
13917
24732
18327
5332
16060
64691
62894
43363
65437
26084
50665
68193
30201
68356
610
4416
55098
64076
44382
38520
26510
41657
8950
8963
43068
42989
63579
66016
3806
54086
26937
30846
2035
15620
22408
5756
122
9084
18335
22158
56568
1085
63535
9995
13353
60689
4256
18844
5282
67108
11533
6181
15295
57666
32696
325
50405
10009
66626
9694
222
19468
43125
43547
20493
18712
42597
1523
3172
3184
18347
2859
24113
68512
17938
37035
9853
69292
69505
71820
9128
54281
67303
61784
6465
930
32232
16356
23607
5266
41
38540
1511
1253
24433
27163
1509
2094
43852
67749
16320
66195
33903
51860
18916
42720
9645
37977
48980
50371
5737
15072
18947
10587
8983
66383
59291
54731
3837
17370
72384
53722
80
13729
2449
68333
54134
430
50857
67157
50487
49624
357
27157
68200
56232
6336
20113
67122
3751
59611
21639
33931
24733
13474
34441
6744
63366
67133
12681
13950
67139
26842
56486
8
24500
70339
631
70227
23626
58734
22679
43801
46941
2122
67724
37156
68195
211
15487
4765
28330
33240
62411
70280
55737
46513
56982
34779
37140
13495
67575
67129
3776
45884
50580
4649
13732
62959
4414
358
9004
41812
67071
67279
29780
51930
67061
57565
26804
5739
720
40117
28859
2184
50378
5670
63507
52299
13374
3269
63838
43941
56822
69457
3852
45137
38622
57109
64186
6458
41633
64131
45390
30590
69153
54348
59571
6176
38238
51428
29859
33338
65991
45318
72164
1023
4382
16433
53886
2271
43601
5092
67536
18937
46624
68772
17802
8800
29890
27772
47627
37016
44512
16588
59961
37047
30181
32697
8938
50387
55524
231
14224
67332
1223
66243
13086
43793
46771
50585
21254
67333
38595
42154
8866
3270
22418
7943
102
53173
50412
56353
63186
72995
14081
4612
15021
998
290
9068
29155
43591
70453
17360
67925
11789
67725
24506
2546
28545
62144
4664
51023
1196
9203
3707
22326
13069
26024
56628
72541
52188
27174
40614
59569
69937
7933
11467
58212
50697
37992
4183
36869
61476
44331
64793
54617
22096
812
28909
68483
15549
1342
263
2059
15109
29816
87
34118
8033
37058
30245
0
33378
149
64881
66530
13098
15867
67297
968
63548
33805
55127
5321
60591
15004
13464
16065
70578
67745
8898
31247
67041
27725
59870
4463
22179
60819
13346
63978
15029
20280
24997
62410
56801
862
27231
12657
63289
7050
1256
9356
12674
29955
66666
14160
841
70187
31141
2899
59320
22051
38754
35637
5784
53587
6741
16046
63283
69208
28249
58659
43861
9003
4774
18296
54194
10052
4771
2504
32678
15710
47221
43709
5406
69651
57751
29855
28987
1767
9975
43853
60965
26172
18546
28980
15574
24322
3571
155
43223
17590
52532
72383
46026
7273
48130
27827
53381
16252
40461
388
5339
52783
65523
62106
53575
60074
36430
1504
712
646
49495
67213
14966
69088
55449
40186
56872
61079
33444
57048
65978
34922
20504
55790
15407
9191
2522
60906
64522
12715
8895
19020
20049
13567
3765
66389
59751
6127
28444
10889
16241
23606
19579
29991
47283
1415
64662
35104
50702
27256
51595
27754
71817
65597
32669
43909
63976
63021
6420
9912
27173
69938
44858
15182
65982
47624
31586
8518
20935
51537
26889
4495
1859
20779
31554
67060
368
43830
22095
11829
5691
6965
47848
62361
54406
9993
689
46321
22622
1445
1910
25195
55517
66021
1075
41796
9069
385
42739
45323
640
227
60572
5588
71811
60478
15905
21296
15779
72568
57566
14711
1225
69181
29411
11744
47197
67146
15803
96
53877
138
70167
58754
9627
48738
27799
50425
29814
24754
38280
20051
5776
4153
23363
63604
3847
69149
66170
44444
64711
33292
51851
47209
68997
54672
21084
67778
5249
28431
33919
48470
67150
67107
26890
27735
43816
7863
12196
56779
5745
70279
29140
12887
26517
16531
62304
3424
49582
55462
1140
8480
62279
56612
1816
143
44358
42101
165
13287
51236
2272
54581
57567
27635
3211
47997
27186
67099
28692
63440
9005
15636
27728
450
4946
75
15285
69867
9225
49730
61534
70319
67173
16049
61080
64791
61898
63526
69501
47181
6676
52
7420
312
62007
107
186
60737
28937
15414
43393
72567
33806
25560
28351
64310
54747
22405
4271
67369
1421
7
28547
28602
15777
21353
72519
21343
27822
9895
32053
4346
889
67091
13899
3206
12297
50766
25492
62066
1049
2913
1187
51282
66434
63520
49496
67706
67769
14761
21563
5702
53759
28424
55385
6636
41202
34305
63940
701
24716
13648
22087
16091
37215
66628
42723
33040
16183
10578
26022
5828
70180
8940
10293
44281
38592
29472
26828
15951
16086
63195
37603
27707
64077
51078
47350
64685
52929
37321
3066
22330
53834
9734
42051
45969
9130
27214
9414
10608
1792
25039
52668
65990
26492
62868
57585
69447
54392
54182
66154
110
324
38806
37311
69979
9678
64511
1951
15771
54576
3999
62612
16023
66283
16139
16772
70170
43642
18902
9638
49304
54428
38325
54226
62594
15293
63530
19501
24042
27708
14890
43992
33830
18037
4175
45441
24390
37265
62874
28178
6792
37972
38065
6035
50688
29284
10729
1131
16237
25006
3182
4682
9305
18278
50523
49188
22693
28452
21301
9117
47637
27621
9606
69993
3562
18870
63676
14851
61895
68879
29913
5922
15835
5454
13838
5210
55205
22108
37195
13910
3175
42605
2690
42392
1168
66322
16510
29180
59276
58099
51683
32626
39553
9383
35443
40594
12817
22085
56808
41778
45943
16646
37709
58213
10005
45327
62264
4999
4322
281
678
60668
3448
14472
27668
13490
28810
2851
22157
68327
62366
34810
27067
51427
51470
1118
45138
66436
38620
22356
12225
68294
67642
26086
9120
56802
36947
250
13349
51006
66795
40628
12265
47204
1431
68834
32794
67142
59459
49592
68166
27834
28614
67694
10529
26131
68890
42963
238
16580
53813
68713
34834
16359
22176
15806
58250
53711
14440
67095
6533
16164
65723
5316
23531
43921
15177
37200
69203
15256
43608
57719
52782
27683
359
66445
40299
5215
62250
72532
11833
41786
4030
68737
65714
11206
29
37745
18915
59997
1447
37235
14981
61396
43820
60842
68300
43109
5433
62777
16170
7270
74
1521
10369
54631
5824
46145
30086
47167
6142
32079
14927
5318
61805
22120
9953
3990
5386
39898
22159
38799
2952
334
3456
70873
29100
60348
700
43690
34780
49513
42317
32456
56706
10524
62779
52320
34165
9150
43332
21291
47202
67232
59853
5491
11688
59211
24313
38275
26118
45278
43352
294
50451
32657
9389
64623
63459
9205
4278
43154
43804
48136
5437
16756
1505
38627
66013
311
67076
52754
7478
68589
43635
4424
59105
63525
6769
34912
367
572
764
64902
54914
20528
5742
9358
6459
43823
46298
656
49292
15419
59309
33439
12707
23361
57581
9431
3436
29853
57446
2088
40729
22103
42536
5109
43088
68
16228
23599
26919
8907
42136
43701
3378
55540
1881
22362
625
24731
3418
62839
70
30221
15222
15001
156
43875
63515
34811
3467
320
38625
60951
4558
15813
12167
9020
5264
15957
70085
27713
6649
68544
11774
26930
924
63645
15010
57115
38107
34827
2863
94
943
303
14094
9536
67360
47218
20508
14319
820
18250
43528
15411
8876
7024
37562
57313
38810
15193
15011
5358
64538
63243
62269
72229
15934
60474
58247
24455
67070
37661
37201
34990
64773
9442
64668
15851
12729
43584
38533
29703
49294
16943
63841
63773
28950
41795
4450
64686
41814
21476
14923
4487
37295
63552
13413
38690
27818
69276
43665
34556
66005
4483
14495
4096
10029
999
4604
15412
15668
57006
69781
4674
18938
66892
50220
11149
67750
10913
2528
50613
69230
66072
1484
51837
25983
38629
18168
30418
15323
65412
6626
253
43886
66192
67093
45382
62365
66018
38140
5948
57917
2311
34643
63067
16540
49568
28494
55495
11361
226
63164
33453
68019
67334
5764
116
35789
22504
33381
22180
36682
22168
13785
38156
30025
63528
8952
25910
40270
11080
4323
28732
13
56066
16199
63464
4663
15019
50310
33342
14157
33770
55404
65023
31823
18074
17946
1220
44
18934
63506
13693
13908
15730
13248
26156
63959
29880
13297
35816
42939
34928
67138
43649
37043
9243
9381
35384
57492
33299
2326
57239
72
49231
4806
47201
15403
38579
240
13272
51237
1474
6060
44789
69865
61825
22094
45256
6714
2867
38542
67574
136
5394
63843
3848
42887
15831
13641
54379
59663
66035
21981
54077
9610
17839
58304
67261
61371
28997
9651
62575
66023
49689
22006
48978
10051
9437
64212
6670
46779
9384
17563
2296
2770
54811
53998
37512
14946
3810
14100
14896
50215
25956
442
43124
51420
1507
14130
5271
21271
61467
63329
32613
18961
58975
3769
1788
51764
35098
17796
274
63335
30226
33124
14297
1935
620
37268
47288
5866
10941
15101
21314
2573
67083
38931
19101
55930
11496
4970
4170
50331
39481
3829
55661
9369
37553
4679
48897
43607
24456
67845
62586
43146
11843
60539
43360
13688
56863
6159
43465
13892
30180
30135
1994
53334
18904
33457
26816
26847
35308
29318
23574
62097
29746
44243
64892
16808
6370
14384
61373
29807
28824
67610
61269
68805
34464
35341
3241
65981
34315
66377
32034
63326
8906
50729
51506
1163
3050
42423
43075
66171
15826
69245
29018
15808
66633
33371
1197
12108
67063
63514
6477
24019
26512
60678
109
69618
54008
21326
14318
6216
11134
1737
1874
38067
14508
7479
64634
49065
6925
32439
45672
7429
15400
