3164
107
3589
15093
5676
652
382
12943
9198
244
12698
8816
17621
2351
2722
4441
122
8815
13009
253
644
23305
3190
11870
9268
664
4901
3816
8809
2466
170
4038
6562
3881
194
111
17952
264
66
26256
29567
12474
43012
21397
7462
2359
1759
45081
34216
9317
9208
9254
1450
85
4000
9233
15745
8764
31030
3838
36565
12928
856
639
2080
102
9504
9794
9295
1135
1336
7341
13268
13365
8772
1348
6635
789
24365
14570
1729
992
21439
12917
193
48211
1553
6593
12784
13019
59
150
39233
25724
84
8885
8782
12916
91
1277
719
14509
8926
160
14494
1333
9678
15042
14134
53899
22500
22502
29945
28373
30769
301
3185
1509
28762
12587
4604
272
642
4897
46506
49676
1382
3416
17963
12843
5436
753
116
9797
12104
32068
14890
26553
29468
9581
90
9689
3035
593
12487
765
8952
328
6568
2887
11748
802
773
1118
5218
5390
1380
4351
9242
31029
59266
1222
4450
14151
9190
230
12660
1189
24228
576
605
1349
314
34933
3240
78
23907
5270
17579
25981
8837
210
2049
8770
1226
43166
232
2082
1444
117
2100
37498
3063
9188
1558
2847
8773
27213
8805
2073
6630
103
1071
1798
13021
70
1282
4004
1743
1511
9189
9199
9230
302
32970
81
12517
17451
927
1504
9223
4370
14726
1858
23937
22815
5354
13679
46500
2348
3834
2270
16263
1501
3186
1791
3166
7418
2508
9443
28
15768
274
8981
9214
217
276
329
607
246
4900
21546
9224
13366
8794
9236
8774
5320
3153
11770
27014
542
3047
764
2510
98
23003
6642
1254
60802
2267
4636
8884
22497
17969
1054
1989
18804
48774
13492
12462
1169
129
18801
31590
11435
109
756
21398
1154
2224
31633
9846
28834
23396
1508
1717
4362
14350
3782
3648
42901
172
4569
278
1485
4564
1150
1585
2096
9249
14885
33254
2352
13350
218
287
177
624
8789
43742
9210
124
5654
133
4554
27055
9192
8763
9446
2317
9240
9474
5516
12954
1864
16224
143
64
2166
661
942
3223
8979
9327
32910
25066
9342
2266
13421
1297
31133
17912
1514
9300
195
12950
52
12510
22028
225
1537
51598
25967
1006
22495
227
22484
612
42643
32144
17376
14272
11850
13089
69514
1053
5810
48970
9690
5268
2898
707
14813
13054
2811
6834
17200
9484
2265
4339
4398
332
1005
1838
6643
17505
28295
6570
9237
12833
138
46554
2865
22501
2095
1417
1321
23909
3831
957
20933
4428
2260
12860
12793
51
26675
4792
9253
699
1557
14653
2288
618
42319
324
60618
982
1464
120
56593
3502
123
26579
650
1519
31846
14724
65893
17418
12939
4010
634
33684
17254
26920
157
1510
8792
9235
3170
68
1092
13482
61170
1033
1470
2092
9119
9565
11433
13260
18084
42293
8777
1087
1088
26898
2566
9241
7360
1136
3995
235
7287
1719
2526
1521
9371
9203
14555
11492
1165
32128
1594
179
3643
2578
14741
742
259
4442
9273
8956
669
12463
9257
25728
8766
3273
420
6586
14590
14840
14911
204
713
2960
247
3167
872
1044
16202
9589
1287
10587
8812
14917
2910
67
12274
1406
14137
14479
275
45052
46493
25140
1455
2532
1163
14972
12995
8684
4902
34274
188
14493
636
2287
43188
6646
24703
14806
14928
779
1080
14647
12345
11746
266
6081
1341
3503
750
24740
27068
12457
1503
8779
9255
1810
12795
16069
13096
32122
326
12926
25250
3975
46564
14475
730
1721
14552
206
299
13420
11343
26350
6560
196
1781
14735
703
145
184
42219
8966
694
6584
2033
654
1922
2957
9040
9226
16001
12815
12632
1766
325
3161
239
13
5169
2434
5657
37852
37863
9151
3875
14554
4448
4687
46492
2621
10304
6656
250
60291
7352
1456
13504
13139
9531
2891
7390
106
43737
2475
37430
1085
14719
9343
176
1278
6594
17464
13091
1414
136
22467
9258
1164
4788
57
1134
9280
15023
1432
5311
22683
13013
9636
22499
14591
28082
9211
14743
1262
545
31867
11842
8962
45630
27050
22690
8906
7420
65
1385
3157
16878
30
29271
207
16158
134
4455
1856
5269
9200
29093
11287
22503
22483
12627
25173
1324
33573
23321
18808
1255
1099
32092
2002
14508
3256
11832
2548
4416
1247
83
13305
8765
163
12993
1505
36543
220
9191
37
12476
5408
2890
171
13388
1599
22496
9243
953
97
5687
22498
2758
729
15699
14856
22579
11894
3432
9239
26941
26935
12924
4393
2511
46511
173
1308
7329
1132
1430
149
1488
2315
884
44383
56387
3149
63475
1178
23316
7412
5944
646
9305
1919
51326
15087
104
222
9219
8839
21368
16882
22810
1144
260
34844
14700
1162
11337
9143
1266
208
12901
1152
31002
9368
56010
1045
8879
9485
152
663
6595
53059
666
5411
1716
46551
21556
4037
273
114
5610
118
25758
12482
4905
3682
87
13112
3752
21367
854
12456
14583
46497
58
345
315
6633
4007
14986
9146
9269
8103
9536
4451
1298
359
10094
1471
19414
21553
9206
845
1602
6565
979
2106
79
11960
3821
108
151
21417
42984
26562
69
15091
9319
19209
32093
613
2576
9197
40680
42889
1731
4374
137
31031
19916
1436
9310
1990
659
1442
12797
37242
928
388
8939
12804
30571
771
12973
637
1517
147
1507
3783
25976
11
53962
5689
2746
620
1224
7295
126
13134
7387
3160
53814
42669
1540
8948
12469
1782
7683
16973
1654
3151
6582
119
6408
4653
44734
681
37429
22507
662
1
12
82
32012
46496
38
1834
15137
14713
1707
632
14497
13352
187
1396
28756
49982
5911
11286
47836
132
352
967
96
42188
9795
3163
1920
1772
6591
28556
5170
131
203
26835
54
11397
9000
9204
31036
223
685
645
1883
1221
3999
4954
12949
8783
810
1145
14772
2071
1158
3981
14492
14756
17974
12635
9537
10211
32290
12900
1220
9638
8813
19164
9530
9534
10005
28706
716
110
9411
2112
3563
26506
14715
14807
76
8972
34206
1094
27009
23337
19179
1225
1880
62
11761
12962
