12941
41358
16200
29499
1764
41731
1207
678
28649
3442
17716
3267
11975
52386
53002
14867
48946
31084
10283
9910
3164
9590
9598
59197
107
3589
31052
15706
2376
13069
15093
12336
44913
2711
40
943
14266
49797
43204
6044
2235
5676
27140
22412
60047
39587
29513
38566
46509
61369
652
5409
1916
382
19872
54785
14301
32142
9824
14843
53309
3684
9450
55116
49753
11467
22801
36609
11749
11680
12481
1736
17224
64817
28687
12943
1648
41830
9198
31756
244
29337
43460
4819
26603
26410
60785
12698
63168
27335
55358
57193
51693
45661
8816
4381
48212
17621
34566
7680
14501
19205
2945
23277
53187
22097
29316
36521
31390
14507
5005
6035
49830
30362
2351
33232
29135
59458
2722
23913
3614
6614
4060
24861
3158
53192
3514
12509
32467
39113
17789
268
9684
26682
9547
31897
66419
65703
48256
13276
52719
13008
728
24077
13156
13801
20455
30892
2470
86
8787
44733
12664
1146
41992
9668
34264
2737
2574
14348
44727
18134
9277
45351
11333
1490
17577
14114
23258
14933
3904
4441
9421
32984
46338
19348
2068
122
48418
45221
8815
3772
16888
2718
23944
49146
6819
14705
56576
13147
4087
20642
43251
38999
13272
25238
31085
9358
40787
2665
9728
5744
69723
815
35325
53366
4731
13009
22377
64552
13016
17669
253
1550
18222
644
18140
26161
13307
11762
30679
29299
13478
8688
67204
41526
34588
11751
30177
2738
16881
38730
51702
53265
32810
13215
17582
4679
41113
52357
7863
14838
12303
776
23305
30587
5817
11892
49418
3190
2550
55114
71483
46117
245
18821
9362
1762
66407
249
9454
5639
4076
11870
23552
4855
5653
45310
13079
33451
23611
54504
26257
532
23331
40373
6324
42599
9268
55412
14357
3548
58312
34326
199
13144
68048
37138
41515
14385
37930
34195
16328
21693
48988
3738
30210
42220
38060
12633
16497
664
43304
4901
3816
7441
45128
36540
26779
13088
2274
5714
23259
40253
8809
24832
5259
1692
58304
70282
36858
51137
2466
52873
11159
22066
170
12524
5800
64303
24779
8804
4512
45579
59425
14345
32987
2500
69937
4038
55313
1665
38862
6562
62271
2846
1354
30676
4070
29458
67185
60488
14238
754
3881
45965
194
13549
111
13316
55766
34486
26963
1316
14777
9275
29529
17952
21450
264
66
7807
17555
23255
12004
20449
52289
15928
23350
9287
75
2730
13334
17485
26256
9455
12494
11293
29567
69835
17679
47363
3461
42942
12474
14300
60602
16699
10407
8780
59609
38817
21135
50278
38889
19910
43012
21397
34647
23299
25754
1435
7514
17949
13163
8857
5477
56170
24070
2045
60844
7462
41908
42379
30446
50312
53077
13461
4841
11909
2102
2359
1759
10256
45081
21548
9800
3156
1304
3914
34216
4204
2132
2851
8831
61567
5401
5220
21846
882
14839
31072
543
12789
5567
14913
18626
49809
17480
47755
15425
9317
9208
15783
14285
23292
38880
25082
13010
14162
21081
1522
9215
27022
42443
70421
10389
7989
5432
19066
1003
9393
12507
66676
23985
9254
67883
33449
24643
4820
2543
38907
1450
14778
70648
13066
9512
3444
25875
13990
85
4000
6631
22707
9233
15745
3793
11636
60387
37682
2042
20168
40425
13111
24719
43843
16206
53050
604
2723
4397
8764
3609
22584
54815
22124
17517
5806
13097
31030
701
19825
2382
1795
14737
60168
3838
17603
60376
978
15074
15107
5301
3969
27333
36565
14991
13806
54281
12516
13026
56617
63151
1778
14891
38906
52028
1143
69909
32888
12928
66385
42837
4238
2775
31183
856
2667
35342
22505
9266
39681
28938
65981
14488
1500
12983
2184
15605
639
52923
14482
22240
50265
57387
4778
5427
248
2080
6241
29551
14738
4649
102
32900
19138
24256
32382
24133
6992
55798
4810
60896
14811
14567
9359
946
55
64258
3967
53033
7624
53112
9504
9794
12159
13044
3303
23749
9295
40675
46501
47704
5783
1135
535
33239
16230
48751
46790
50193
801
10246
3355
13033
8953
22828
39450
50068
52872
12220
22312
33321
14104
25949
30406
10149
62229
4294
43958
6000
43753
37460
16481
1336
9613
9745
20436
34139
580
40803
41962
6603
13242
58493
20979
17746
7341
59178
13268
61694
13365
3768
19116
37403
63855
67196
58936
72057
47051
38387
1283
19923
8772
22285
33043
21565
1865
15767
1348
22242
9456
1275
53069
6635
12934
40357
41756
53288
31173
71990
46067
37497
789
24365
34877
26699
19490
63222
25139
2074
48508
9263
46429
14879
1335
61865
36290
14822
38456
61454
94
13777
14570
46930
17808
12652
16185
14816
33925
14901
1729
9205
992
21439
1327
12917
55701
14852
323
55804
31068
11990
193
9296
31144
30683
12953
32366
39128
62500
19868
11957
13211
51397
58415
15395
59069
52005
31037
26086
63057
12278
57527
53040
1980
28943
41315
48211
20445
6404
9591
1447
974
49677
52012
39319
17661
2178
3022
16829
18319
50433
5310
1553
6216
15072
14905
29303
34141
14902
24718
66426
40365
2855
15060
40981
38066
28862
61414
5361
9165
15466
54979
19496
24716
6593
30691
14207
24137
3434
601
16368
59032
12784
16190
4610
8980
9374
1407
8965
341
62335
42371
6964
16225
8539
9578
16577
3700
6409
21789
185
12931
13019
57155
47887
15529
6166
67776
1981
48743
23932
4064
9142
14871
12725
47697
59
5642
46945
24092
60516
13727
52202
57462
7909
150
33528
9349
41198
15749
56438
34269
67092
66389
39233
33031
25724
12111
19021
4921
8798
84
18836
71249
8885
8782
39887
34483
1653
29533
14924
15048
46921
55986
16948
5557
64719
9379
1776
11088
17415
4875
21746
53005
28061
13663
51857
46737
33245
12916
15904
5075
3515
26565
3218
23514
4436
45729
19904
3769
51470
9404
34225
91
37695
61339
22992
39838
12513
3518
4585
751
16288
25625
38586
2272
2995
1277
5434
14747
51445
3193
14796
14877
4711
719
61769
17053
45178
64863
1543
12898
14315
32386
15762
28304
24662
44026
3786
4045
33255
45759
64579
14392
16228
34097
36513
16370
62929
71004
72164
34549
9227
14509
8926
56989
160
14494
3131
6644
12977
692
16834
33525
53057
1333
33554
9407
16159
9220
36004
14522
24336
45293
14845
9812
9417
746
18597
9678
19322
14927
153
14572
18838
3653
9163
15042
54832
14134
57255
3758
47112
53899
53110
22500
3689
2817
3243
971
67413
41106
21521
45029
41119
1364
67882
769
30715
51562
610
55039
37869
32975
23009
53812
39500
19275
33119
71903
38725
6328
22502
63545
9873
6671
35570
22975
32408
59233
9608
37102
15035
57763
29945
28373
4736
2000
15626
4720
11517
1853
12157
57080
22782
64725
30769
16711
15842
16182
18761
15005
64275
9813
64720
6984
63026
33495
18466
61978
39445
4276
58305
2872
1199
34411
301
51727
33271
139
48696
49305
38913
14510
14517
66467
53199
28491
70119
3185
1509
44184
12861
28762
5530
70097
32963
4961
19005
15687
51331
2083
1256
31942
12587
36373
31170
44802
21967
29554
23935
14908
294
34311
4604
21
23373
23106
9805
45915
272
47072
642
2384
28867
38180
35952
64864
13224
66152
9402
4065
8791
25930
4897
24350
60167
14775
5982
15100
34288
40419
3458
2504
16176
24359
911
46506
4881
55432
12363
13506
48645
46742
11771
13762
17836
53821
1567
42435
39904
59997
49676
828
7972
47783
1382
3206
3416
2559
12668
51462
11265
70977
209
55759
16011
14746
33317
15888
3325
4912
14970
27388
49744
8969
71905
22080
60256
34086
4608
12979
56016
21505
40396
46676
30931
32167
32898
14899
45202
9507
21566
11154
15069
47401
13114
17963
9597
1936
30181
13752
12843
3212
59967
45273
12991
6576
48722
34246
26630
55811
37993
20392
45354
26700
56179
19492
49302
12630
9328
34830
23251
8864
54705
28405
44751
21365
1761
30680
25053
21438
41131
7395
18145
39104
33769
30569
37410
47703
5436
5862
49985
53072
753
26822
116
10146
1857
45544
32573
29382
23856
712
60332
9797
13411
16319
15079
5952
29358
3248
9120
5077
12104
11634
3856
29539
2577
51956
54803
1499
32068
42870
4310
13496
1337
52527
15291
1830
14890
17573
17241
56368
36618
29454
9700
42414
1676
32149
56375
8945
43598
24264
15135
45184
21376
62549
12281
19094
261
41862
19929
4240
9687
34160
26553
43519
29468
69867
9581
31500
17866
3
33024
36447
90
18078
30280
9291
34271
41614
17960
53963
65235
9689
5857
2787
40619
3035
71460
3055
5722
59549
9727
66570
43280
322
1737
69133
62401
42174
9002
33521
17602
5605
51694
63826
49826
13029
61299
54826
36380
16439
33869
20983
6810
8993
189
34164
64749
9437
50293
5042
40056
53060
593
628
45724
19247
70531
1734
45288
18057
12536
3990
55557
40597
31064
2849
5999
14533
9866
11396
23364
47774
12801
14487
28581
4443
50160
14581
12487
8882
36366
765
8952
2869
25615
50514
9294
55900
10102
14710
40540
4715
2412
15348
31923
2913
23589
328
6815
668
6568
14757
2887
24695
62025
14671
20149
16187
9369
11748
6534
65315
12905
53548
740
57086
9345
39593
7701
2247
28836
9432
16149
55896
802
18149
32891
17355
15766
34280
3571
749
49721
28835
28233
11750
16004
773
1118
30283
14483
23273
1715
55011
19571
19747
6826
5218
25767
14387
32166
47452
36863
12745
6426
33095
6160
50305
14708
38158
1446
19383
16509
64625
5390
50047
55291
8751
1380
51933
4351
3784
63834
2650
44591
358
37426
15364
9242
12166
27327
12499
6559
31029
17958
43943
4686
3455
50830
27393
44453
2366
42717
53066
38807
15486
59266
54116
22785
12641
19192
11230
11784
1394
57500
42914
24689
14884
12644
62251
63279
29198
14869
733
61699
6265
9004
5812
1222
22112
26517
2512
60216
13303
25828
31733
42507
54318
31687
35424
38846
34173
9414
14476
51532
12179
47015
2539
4450
48920
863
31639
14151
9190
6724
9509
230
17605
1243
39463
20636
2424
60603
52425
66461
21501
14561
17722
46558
9643
12660
27290
9452
33276
7587
17557
16164
23239
55165
803
3726
14401
1189
45472
15676
1311
5641
18197
4629
11425
58982
363
14592
12829
35905
28513
68470
20487
6197
1425
3719
4074
24228
288
25773
576
12650
53257
36377
15535
42212
45028
50045
5955
33898
13017
25973
4478
57505
18565
2111
1128
45105
17351
16211
31164
53061
963
305
53171
8122
33585
34315
3790
32295
53679
38107
45349
5779
15158
13176
41268
224
61330
92
15057
50616
47825
37328
23262
14503
5281
1987
22827
23442
32993
3747
605
59031
58439
36368
2790
26523
26588
45017
13382
33816
33029
51439
11756
4158
34089
2897
22122
1349
18543
64301
2065
12919
31512
314
34933
40844
4155
38810
55962
41531
27231
16832
31079
15124
61465
38875
14722
4385
4197
2717
51986
67201
17611
67177
12380
11910
31102
33098
43254
16837
58625
14841
30998
3240
1332
9377
70959
5211
41388
9571
66659
18487
44187
36854
1502
19513
5878
13095
1303
78
80
23907
39412
7101
5270
46408
25738
4265
64248
39408
38867
69685
17579
11625
42835
15989
4056
26934
55957
1481
26819
14948
25981
33079
17521
3201
21153
38059
22776
8837
6855
6961
4540
19881
210
14751
2049
56227
8770
32671
64360
4230
15020
17750
1226
43166
64456
43555
38977
2281
29654
4826
2499
14878
32572
232
15012
23330
11759
26321
24761
37479
23558
18659
2082
61678
22481
9428
2405
4709
676
18077
18775
55716
14797
24390
22687
1444
26558
34489
68097
19900
3813
117
52860
25860
2100
475
37498
29863
12338
46943
13465
3063
56364
11399
23269
16208
51368
15086
7140
20434
55414
48728
4430
9801
34349
12527
34449
6552
22356
63816
5692
14764
47664
6317
3058
48127
816
9188
44905
37660
9768
40885
13183
9637
46348
34469
17708
31008
33987
1558
32458
3175
61957
5428
33831
46851
3169
69038
34327
46555
277
21630
3239
9621
2847
29453
1489
32435
45050
8773
12936
15143
15254
4245
1062
50132
18427
6465
27213
5677
38639
23218
8805
14823
59689
1265
2073
24784
9561
864
28832
6630
5365
33848
103
6948
12906
47782
1071
1849
40685
4379
1798
1161
20957
4287
17420
1752
47799
64266
27069
1662
13021
26757
2254
3898
14814
15013
70
59590
33227
69251
29893
33208
34023
26684
6055
27485
33727
28530
43162
8718
25310
16173
64146
15698
58572
1028
28637
51588
1282
14273
920
16123
52073
32737
18839
4004
3247
14516
9256
14739
53573
6647
1743
1511
13258
49996
22427
9365
30182
9189
43393
3421
50292
21605
55559
48623
9199
5279
14835
56854
54211
35340
13302
42502
9230
55601
24770
29172
22059
33625
13161
725
33560
17945
4949
41873
14213
15863
14337
58431
34321
302
778
45895
12472
1753
16697
58307
28049
2529
38101
5308
32970
41851
19512
9876
5307
101
46119
56409
38872
13666
9207
23953
46508
1854
13423
42897
6944
81
12517
20504
17451
47676
4760
1295
17543
927
46944
50905
15067
47819
1504
13162
18800
9538
17727
59375
49167
9223
11853
26559
3632
40210
20577
15357
19589
43217
29417
42364
70772
1423
67444
11366
64470
46026
4370
2549
3534
13355
14726
17235
1858
50677
23940
23937
21384
48121
39340
52474
22815
1378
5354
33802
56087
15755
5006
1866
36671
51789
13679
183
46500
2562
1126
31361
47791
23891
2348
32341
36437
36587
17377
1049
59235
22510
38169
4053
256
54977
540
39208
43853
1206
4894
3834
45986
17114
38054
50009
20992
7447
45141
4765
38910
13680
7389
9333
33222
23193
5237
5173
64665
39591
9502
31634
34525
47296
32990
49108
34515
17755
2270
54729
16263
1501
4096
8983
23263
12154
25186
62432
23943
37627
23377
12922
32172
30252
13737
48279
13085
9555
3091
22581
6099
8961
3186
4528
17450
1791
4960
43218
1473
3166
28203
53634
7418
12379
9011
14931
12172
5410
32508
58395
16696
32890
5151
55602
2508
64611
28369
6193
4762
14514
12500
55239
43430
26591
47795
45542
68390
6571
62406
5085
9443
66344
15018
30445
34399
8843
28
1330
15768
13090
9278
50176
67980
60249
3009
28626
57006
13078
17502
4704
1129
64895
274
33263
18050
33231
8981
13754
33730
10529
5341
49825
11436
12366
9214
26557
5822
9902
22245
24523
8867
65967
24314
3143
54282
1584
56732
23439
19417
3751
45051
16712
14454
40725
18562
2408
58419
24543
2863
9953
211
38098
53594
1342
14491
9221
6661
26439
54290
51052
217
23840
42935
276
9348
47818
4832
17726
8033
12847
23952
54838
21140
24080
12502
58840
640
67872
14844
47546
1184
54082
34217
27998
17222
11350
66265
5360
51931
48120
9322
24731
56723
41102
37867
15934
375
34344
1312
329
3356
5713
30556
5070
2149
30178
24532
18202
16559
4247
25647
167
607
14293
42617
24531
46514
246
25678
36225
1268
1187
15169
60337
21391
16177
24346
40479
66750
45064
9600
9370
53250
26735
8964
14818
71165
17214
43209
13898
28440
47620
48390
2978
1334
44015
49842
27100
42462
32409
66227
15109
4900
34177
18806
13122
3962
21546
13789
19321
43433
56837
5665
9224
13366
48893
19216
5915
26719
8794
128
9236
10345
2069
45881
28542
4488
13116
17731
2181
5636
24381
1318
7842
697
47705
2367
61466
47210
5611
22139
32911
23
62337
48366
45132
21010
53700
45245
851
4200
10195
1030
25992
15006
8774
1763
33738
4401
44303
38397
9505
4625
47529
49257
25679
46916
13497
5320
37882
3685
19845
125
25969
3153
11770
25408
27014
49623
41258
56109
13431
542
48858
11365
5143
18627
1725
44391
47765
5133
3179
21415
33669
43396
15202
55221
9793
395
26426
7829
2536
3047
764
17503
57324
46577
60793
55546
64435
4227
30650
8904
9314
29416
17409
30047
41729
2510
64030
18339
33074
24008
9804
24865
14178
17005
34047
37885
26577
6294
45820
65192
33747
64446
33081
2031
60829
54137
27109
2108
27345
45117
56840
1130
770
3754
32927
61367
64099
6581
98
28992
13405
59679
1506
3053
54936
43213
29472
23003
43487
3200
23793
41891
21773
4360
2843
534
6642
43332
2912
1254
17369
68314
3902
760
321
59837
60802
38591
2992
22824
6983
13064
28961
6239
42340
23005
42891
64582
2267
4636
9520
23403
14695
1605
14805
10177
30901
25739
55479
67225
40957
32455
16205
27499
21897
12717
33552
11828
26295
8884
2303
22454
4639
55288
39023
3246
38646
12341
8838
17238
3805
69732
35284
69088
31049
15569
1063
66608
37353
55685
22497
62979
12588
14828
41771
1942
16891
24780
44967
13175
40878
30700
4895
43026
9117
15369
24268
1096
11872
32926
13757
36577
17969
26030
59874
42360
24845
19377
14276
1431
54911
39781
16193
5745
1054
71223
41324
29828
17971
12832
44698
2217
14725
20411
1923
35344
693
55865
46581
19815
16641
17269
40843
58461
18809
32996
23294
2820
2448
14707
43176
5528
46351
25801
13006
52336
2277
50427
48691
48
22631
38978
1989
42716
53375
18804
16500
33391
29779
40964
2240
686
60199
12909
7543
13048
7039
19648
15761
48774
69726
36385
6608
13492
54255
30846
3419
49909
7247
19982
17362
56681
8959
282
39452
54759
56875
51700
63189
23399
4671
9669
70059
32481
19353
59943
44677
61212
10595
66415
33181
55334
46552
1742
12462
21608
9383
62155
4387
13295
1169
129
44589
30819
33583
23271
66548
17781
12944
13022
23338
1908
25941
18801
71110
52175
31590
10125
23288
48486
2731
586
32781
33417
336
49524
11435
28030
13451
929
14548
158
67920
9108
12985
19803
55541
5510
1477
109
15039
42213
756
60520
16880
21398
24241
28944
4773
14589
28081
9245
9464
1154
43311
27225
53886
31262
15967
14923
31069
29098
43219
4254
5383
43467
39143
17612
47777
49618
5327
1276
5741
69859
4142
12679
14860
47321
62105
24013
1439
9229
56129
6096
5719
14381
2224
42559
15174
31633
14495
24039
34320
1512
9846
24699
12062
40585
42908
6572
64898
28834
55229
62349
14281
1694
1690
34377
33307
40394
37728
54145
19432
26416
50072
59796
4933
5660
22069
3579
36554
34932
4047
19892
2284
33183
13673
42444
15336
3593
17408
48283
30956
64032
23396
56726
15075
2468
53174
9790
33733
13093
32343
5017
840
62832
30599
34317
23805
33184
16375
15737
45343
17494
15634
53070
4509
34301
14027
9665
33435
1693
1508
2908
23006
15819
26027
24071
8955
51777
66662
1372
52411
1667
26297
4746
8123
66648
60
66031
66645
968
34205
20498
14749
1717
4362
33777
13755
64086
16770
12207
32904
32598
60430
1963
43765
17862
40250
9749
44752
53164
19231
4162
42402
2113
25736
43203
37422
21369
34222
13231
53610
32994
3332
14350
3168
41428
13917
3148
9831
54932
43463
12720
29565
3782
32407
26767
13030
30655
5250
54667
9118
31849
42472
29625
43125
49947
67416
9033
1756
28305
55706
45034
3648
606
42901
36899
172
23085
21051
52720
26021
51707
4569
23268
7356
3296
23307
3480
26129
39565
5325
13143
13002
1391
3987
11767
14910
23754
33053
55063
278
23433
1485
4564
64791
1150
55468
5914
18302
65599
10853
44755
39103
1585
14600
22806
16188
2096
46853
15198
28881
9355
14904
320
69288
417
12806
62270
15940
7028
13449
15429
1780
34450
9249
46
9888
34642
38590
45913
62139
15245
14529
45078
41055
33694
14885
57139
15713
33254
46635
42398
26922
881
12492
8861
56023
2352
45115
1383
5330
24710
40880
2900
13350
70712
27053
5443
2477
28162
45839
33058
13042
20483
16475
4908
12706
8967
218
60686
30970
40897
46574
287
2017
27812
177
23881
34335
11300
61953
28011
14528
8019
56957
624
391
16241
47843
15070
42292
17827
3235
17956
8789
2556
43742
4048
33001
47660
18781
9210
23323
124
64327
21552
51469
65855
5654
14766
133
14937
34135
4554
60755
11437
60658
8833
12600
29507
2656
8938
2099
31824
53189
33351
21946
6578
2150
1301
5192
18338
21442
19040
67233
58621
43630
39401
12465
17364
3326
1611
30758
14774
40887
43158
59891
27055
53255
9192
12908
34387
41031
1718
8763
24122
40805
9320
16210
49843
45934
43210
9446
2317
22639
4670
12937
54251
9240
2153
15168
13703
26064
1296
4437
9474
26803
64942
46363
25721
23410
13761
29088
26787
5656
45289
47545
30327
50126
5931
5516
60917
39894
18102
6719
27223
59996
27328
17606
60310
12954
43122
9413
1340
59450
9302
372
70565
1864
4237
14095
870
23945
16224
30681
14432
31795
47709
16557
24180
55966
40865
15000
23365
3282
17419
25682
43148
2850
1420
35192
38840
7021
18164
69885
143
14376
33923
47333
14897
64
2166
56968
44009
7340
3915
19620
5293
45077
4593
47802
39596
53787
14820
21136
12554
55055
19250
10469
56842
31
42740
32137
14298
33724
661
31350
34323
942
34234
9546
15094
14338
3223
8979
3336
5559
25373
9327
43437
4318
38427
17800
32910
45764
1783
50165
25066
2125
6556
41856
27652
30184
18311
56054
7094
1617
48496
20955
6549
54951
27104
32241
362
34279
5953
58100
1518
29364
47669
22320
4611
66068
1359
47405
33581
993
23454
1119
22774
43412
9342
19600
65744
2857
29144
64788
48594
29574
13527
28152
22784
13545
735
22000
53043
3033
12665
1792
1813
633
54435
8844
21721
15
2561
435
2266
3349
29865
13756
33506
3840
9911
61742
19017
66269
20479
34328
33959
45211
20740
9658
12547
9784
9847
8870
13421
55053
45395
34617
723
9473
23962
21882
12192
1297
31133
58456
4620
37848
52322
55760
14732
20122
14785
34220
50821
17912
26691
63945
9050
17734
39809
13314
879
14437
4358
1514
6605
9922
48826
4726
15793
9300
16421
195
5625
43338
6600
6798
12950
37701
8986
42176
348
7979
39332
40400
36255
4098
5512
67712
49718
52
60660
47598
61790
27246
9422
42302
44550
5814
27171
56677
18998
26745
40909
59483
12510
22028
225
27495
905
1537
9657
19033
51598
7033
13687
34430
14135
12489
16415
13829
1760
34347
49838
23309
25967
7237
19708
31711
42455
25934
12259
45848
9513
43260
57563
49799
18915
14801
37237
997
4696
15181
58602
48882
64620
1726
39891
20610
70775
1006
22495
33566
25945
34864
5369
4652
14876
32417
42092
58269
23995
1173
28543
21443
21440
227
8883
19213
34350
5470
22484
60362
2619
5949
65772
61657
33805
6585
3449
51398
612
23941
42054
9016
15770
67810
4368
24542
42643
59982
15256
32144
38793
9648
43514
11885
69812
16244
212
44
9231
26966
10547
12978
14565
11951
5400
6574
31309
38446
24837
15681
917
25802
17376
13736
782
14547
27137
40876
14272
11850
64996
51020
55558
34929
13089
12276
43177
41218
16839
40811
55631
33108
12388
1531
34289
14534
47753
18210
24774
289
12694
17688
16846
17834
115
6134
48776
32642
19010
3828
69514
64789
14898
55569
7659
21053
32267
31755
33823
13508
33608
1053
23674
690
5810
6664
39405
48970
64560
13058
23326
18419
61985
9690
55148
15260
19755
16579
2480
64877
41097
13289
23266
9168
647
32873
5268
14594
51795
6561
56501
34402
2381
43228
26475
10386
12822
33531
2349
27607
2283
34791
1892
50408
54457
20550
12980
16492
32032
33716
26740
43833
53441
58262
12827
22187
28926
21657
5664
671
13056
59605
33985
19282
45040
2898
1733
56361
25201
13759
707
70348
14813
4326
36880
17930
20555
6702
2393
33824
24217
13054
26962
37570
4517
27169
5519
23954
53051
2811
14221
64128
51393
14223
34928
13068
51888
34272
23790
32131
20602
5964
27493
7046
71760
4713
1117
18829
3713
16203
26345
14783
14621
42725
57770
6834
18333
61194
43281
26713
54744
35240
57026
1240
318
47200
20594
33107
17200
24547
53034
9484
4366
11753
292
61708
8796
55388
25046
30281
67964
844
32163
40348
15579
2265
42284
15285
4339
12647
8996
13273
41231
26527
29307
4701
16853
4398
13130
13385
31316
42684
44478
14760
16510
46588
4092
26707
17226
38806
715
45617
60956
3314
14940
7325
17264
631
2268
14364
4879
20640
38878
45326
51055
9267
45832
6811
31686
14536
20126
69219
53122
70450
40173
37871
34137
332
9315
70043
8729
216
9382
43446
40672
39348
51334
46835
18385
13460
14887
24331
55019
15977
13681
1353
18357
2020
12646
49712
384
11413
43232
60595
42277
19202
62138
12455
13494
2754
13195
33664
9260
16929
1005
1838
15340
48182
68855
65906
33577
24379
43249
49923
23161
22231
1057
40687
19092
33289
2271
66958
5617
13270
20560
23927
64391
70027
6643
17505
68304
62425
34879
13603
43329
28295
3822
23363
1148
43340
32901
25614
14485
27516
35343
70550
12486
43302
12537
12964
1306
15021
44067
19132
26010
21001
1263
15333
6570
9237
22233
24099
6577
12833
5773
25938
138
50766
46554
45179
18807
24745
9380
4296
24525
34690
57115
50283
9138
51025
2865
24775
31847
66134
1180
8832
26581
33587
26975
26184
45226
2875
22382
2063
39413
37235
14847
34599
162
22501
6167
2095
1746
165
14753
33165
25458
60604
1417
27039
7278
1321
19316
38828
49392
5396
62008
21137
7881
23909
33120
13137
13515
257
23304
12951
33078
65794
9545
45163
1755
39607
36382
616
3831
56873
55117
61007
60823
1424
45054
37713
957
20933
37875
5643
14079
42297
50615
5912
1663
8995
52152
55113
4428
43361
18774
59963
12167
59402
52894
2260
13184
36465
18840
64755
4072
9869
7743
3748
37692
12860
12793
1366
53587
33665
1454
54814
51
36974
48938
40777
40434
48206
26675
28596
12761
3649
39889
25152
16139
12992
4664
8662
3036
6583
36375
26722
1741
4792
9253
1596
699
22251
1608
34631
67463
56532
26686
44344
53421
65965
10028
23958
32967
9217
50015
4126
13014
14504
19870
38988
13818
49719
61719
21939
15142
2800
32811
791
29308
1219
21179
1197
20548
38844
69537
45075
6669
28438
7388
13179
3835
26602
47212
1557
13700
31320
28147
63331
14530
1408
33102
973
231
53935
1409
33109
60001
16246
7435
21419
70685
43211
1548
58377
27366
6657
25982
14653
24367
16147
24097
17972
37076
52047
54774
33073
34185
39935
26702
7738
34378
28863
66246
4328
14994
3812
34316
52106
27322
64803
3397
4347
34750
2288
2151
64874
30629
38014
38798
5856
60052
25079
54693
31053
28632
43388
13510
15196
3230
46189
28412
17760
22552
40447
49211
2979
33707
53064
14827
6564
6960
14697
618
65316
34031
69693
12219
14449
42437
4913
42319
324
44339
16046
19367
14537
19632
45497
12497
55857
33280
32493
64294
41300
42342
54305
68583
4061
49820
4866
25619
29448
42893
32978
12530
9896
43585
67397
6475
43201
9645
17372
17245
6278
18167
35393
61053
8990
60618
18037
7222
982
32814
16485
2282
5368
39632
34232
13142
7874
3195
8329
34803
1227
19558
41988
812
41114
49164
4444
8775
4896
55483
56852
31088
25734
35116
9832
20774
44414
6666
5265
61973
42796
30711
1464
48078
36379
6638
45742
37893
63794
6588
1571
50996
16220
13209
17568
24000
3791
55280
45082
70308
47712
26096
26344
13670
23420
39580
51722
70212
15082
4851
2269
27167
45121
15744
65762
9719
29473
14568
17693
9326
3917
12460
9196
8731
120
19086
46899
67887
15721
2527
28613
1893
1516
46344
6672
47743
1217
3126
34947
34498
4882
29809
40673
5205
8847
56593
17964
4355
33375
296
4688
35370
3502
53048
70705
39230
1216
73
123
447
26579
45063
25381
67211
34364
4382
650
3762
50131
16006
23981
42857
38783
22773
19198
28374
55362
59343
18326
21032
9679
33537
3718
1317
42607
1519
3403
4248
31846
64734
24867
62174
5913
17993
13040
13052
15716
40817
14701
68841
34936
4710
42990
32332
43964
14724
11322
45401
21396
31850
4327
21370
24647
60300
15388
1195
59642
31028
3617
898
37305
4751
12056
56881
28202
638
18268
14631
6632
23260
27467
65893
8786
56710
8811
17418
63033
6421
4890
15867
373
33541
33989
37327
35341
50432
12939
4010
611
5450
634
20428
24677
33684
36441
13160
23458
33991
42385
33051
28827
36439
15022
59648
17384
43320
24144
51011
22910
20303
11754
17254
45023
13684
8860
26542
13007
33249
1137
45100
1175
4163
26920
38947
67329
25402
157
6553
1510
8792
5086
60687
251
70476
13193
42393
33558
19850
33196
190
2607
9235
5970
45924
29372
3170
6665
56097
19014
17340
71220
29482
14407
65095
16321
34540
3373
25239
68
1092
33101
29745
13482
17379
33431
330
61170
5894
8082
1847
30986
1033
49041
2363
47735
14596
26514
14794
27114
12642
22812
13080
7011
33737
9400
1470
6589
39726
15058
1250
906
33306
385
389
1790
2567
9431
21357
5059
43525
6617
4304
42110
45099
43136
5275
2444
13788
66452
9285
34541
28372
24029
41983
6606
23324
46452
31223
46568
54317
29536
29322
50031
21358
13073
31814
19412
40220
19217
33062
14481
21428
45682
583
33188
57061
52178
15447
44449
42192
17672
3844
67766
19099
2092
58383
46807
18318
4272
6211
66369
16628
57137
9429
13059
9119
226
26817
4858
27054
727
9603
15030
12550
1443
12877
14956
1412
29020
51372
4298
23857
43337
23798
3159
14573
17506
51420
39262
9565
31641
17745
18856
43641
16012
33806
55858
12512
34338
11433
13359
25776
20531
32152
28501
44750
47260
41745
11768
56011
34674
57557
49804
2647
33488
38249
25254
47397
4118
26790
19065
2107
13260
19599
894
45095
56682
3275
37526
350
69847
33309
5699
16150
55004
12626
18084
45587
47918
55570
14787
46918
42293
5864
43640
15262
12779
8777
17951
43462
1087
47754
14859
1088
5263
904
13765
66522
2757
27526
15173
39895
9893
47961
10932
35227
26898
26071
13104
34652
4667
2566
9241
39041
20159
47291
69873
55958
40862
34318
28280
14511
64581
12540
7360
39630
25136
25990
32275
14390
5950
32129
24650
70757
28083
1136
2684
17360
33529
21388
12673
3400
2909
28417
11740
19612
26328
651
47981
37877
66465
9261
5893
8189
1957
26597
1536
54177
32397
33836
3995
69134
19486
20480
12570
12956
15104
35438
8876
43454
59694
8899
33122
59439
49714
34614
4605
235
64269
13297
340
38851
65624
58975
26245
41310
36467
20466
55419
26174
14716
33798
18259
69338
65643
42728
62041
48630
63095
14826
344
60074
9482
33017
28148
60958
7214
6095
13686
13769
66436
42258
33515
64793
52370
33574
36214
15778
7287
1719
34208
30363
26563
49606
67373
67297
33388
1269
6073
13749
38796
2526
9288
16131
49914
33643
69702
63144
17345
59462
33132
18090
16576
1521
32116
14386
25745
26025
56886
4319
2061
15916
26769
3001
21395
18955
1881
24179
9652
1156
34477
50317
9371
9384
831
28111
4576
34155
9203
34075
15155
56984
6609
65245
25871
33368
62966
14750
32555
33194
14555
24763
47102
21551
4495
63422
3773
44087
28750
13404
2755
53916
45129
13149
11492
1165
21507
17361
19011
13693
18445
64289
56182
49537
17259
36578
32128
13534
1037
8943
65302
49031
5016
6579
2907
0
34190
13065
1594
19586
27250
21392
42628
48481
24033
21661
36371
34174
342
71360
3379
8447
15372
15131
22818
17069
60297
29339
20389
12287
5283
179
55428
3643
2578
26029
5206
28419
29490
1841
6648
4226
15016
4191
2707
61552
33835
14413
58316
58715
18008
22518
56286
49395
26181
8077
34351
39082
26412
9481
34619
14741
4067
18573
742
300
9587
9627
494
63931
255
20132
1785
26533
31326
259
65832
1797
9252
4342
12484
4180
26448
4442
2893
9273
36359
1458
13718
2383
8968
26491
64597
8956
19078
26253
31372
48956
29043
37927
14089
2815
33624
13741
47732
52959
2103
669
49295
61592
17482
59726
14486
12463
6573
22582
9257
13698
64159
14803
3927
28611
27201
18401
24805
25728
44459
37423
27806
23557
3699
4617
59589
16283
11818
20409
6390
237
2232
23794
5829
25963
8766
58418
18156
24847
18347
774
16226
64901
1704
53014
33104
837
14755
39102
9856
2780
43073
55289
14776
13005
1012
8949
14969
144
9022
17838
26163
24337
29018
13809
23125
54316
5701
696
4213
54022
26733
23525
24364
70092
15918
67924
33225
11984
5071
68100
16232
838
3273
18267
660
54843
5481
64608
420
51980
907
12389
14113
47790
34503
55331
6586
27549
47700
7385
883
53
16172
13428
25087
1201
60132
24668
41952
11789
3968
33323
55639
49711
3402
14590
33846
8923
17942
44360
29729
1671
45879
43849
23237
9390
14962
1284
17526
12556
15577
68012
4920
16171
17768
25168
14313
3418
49674
3702
21192
7977
14840
9246
67441
11667
59704
3399
9467
67200
14911
204
70524
44105
14900
33814
4291
13454
17350
3825
12648
1379
23835
713
13501
53137
25100
50351
9573
13141
10353
16757
71634
55555
9321
6138
52150
36410
31822
13036
55472
13649
2960
45463
3755
4406
62250
247
30740
34238
3167
32193
29658
20043
14935
316
33021
41520
49266
872
22826
56285
3543
20622
12288
13390
29124
46570
2391
5201
37683
1044
29859
14832
55100
12466
33180
19520
9562
16202
9589
47759
5384
27205
9723
14936
1287
5238
55380
985
14202
18756
6014
14115
10587
42187
65115
2585
22453
17828
8812
10051
4785
43165
28032
27249
9338
30580
903
14917
68665
5447
142
19915
2874
26176
19570
47807
2910
45069
5748
25049
18141
1655
60968
3854
902
14542
33092
64433
53151
31314
64272
67
5319
13580
12274
19397
15454
42228
14657
39582
1215
1406
13701
32321
18424
14137
2728
15826
46946
5363
54975
9009
55089
825
48255
14479
42165
19253
30408
37939
52218
10512
8850
15439
22566
42730
43915
28142
27276
47779
15041
12923
2097
26794
39780
401
630
16128
8984
275
9799
1415
28170
13241
45052
26208
36855
46493
9765
23248
45253
3756
25140
15513
14906
12458
16142
7311
47549
263
40846
59226
55636
32979
5084
1455
70470
12663
17962
67085
1401
6037
939
2845
34454
4091
2532
4333
14960
15111
14582
39840
13266
40335
12342
23088
2459
16152
1157
5473
1163
31006
58105
14974
22699
41712
12480
629
12324
42846
70969
12718
3663
945
17743
19327
28493
44675
15887
14334
2914
34196
20323
14972
9792
12729
9475
14829
3993
18898
34602
228
35508
6659
12995
21620
800
20662
6667
59846
14770
16633
28396
280
16048
3100
38204
8684
4101
950
4902
40779
20749
34274
17673
32672
45439
188
7469
2601
18115
12959
54477
43511
243
23555
29191
15678
19119
14532
12461
1807
31054
1181
19075
14817
15532
32750
30940
50708
38987
31176
32197
15387
9309
947
70063
14493
16836
23282
31034
636
2287
56497
42495
32998
46836
43188
7334
9212
14942
33151
33146
27688
4597
4799
55688
796
14938
23779
11198
31712
23165
19257
2290
23646
6612
9350
55709
6646
24703
67651
15394
19191
23431
14806
26434
45016
47834
47828
833
14928
10098
18224
779
4348
45182
2203
6821
11336
56042
51333
1080
12921
63085
19026
18220
33785
17431
60081
6429
24341
32233
13032
54730
5180
36549
16416
69992
1559
34370
14647
55717
2437
37866
12796
169
11398
37070
23858
12265
12345
11937
46040
13675
17559
10418
11746
4039
16950
266
2989
33260
60377
6081
43173
700
2848
4268
19801
11319
5543
23113
49181
4603
56358
1341
3503
8929
26690
38945
26429
67242
8878
26823
14321
8862
750
24740
68660
4614
5207
648
17646
1787
47785
49125
12975
47621
13284
27068
12457
45000
62176
702
15208
62856
46034
28379
3509
62493
32138
1503
12974
19918
32350
9012
2241
49191
4079
28590
14872
8779
9255
60296
64573
5168
4429
9244
20009
32118
38970
20960
1915
18846
16838
347
28936
14941
1810
2750
12795
11334
21012
17845
4018
55202
16069
41763
15227
45020
19869
41913
15645
26513
16402
13096
13082
32122
18559
768
3229
23264
14768
13740
17681
326
58255
9462
12926
3067
30825
25250
9144
10123
1460
17030
13308
2959
42915
4830
1732
53270
6746
13683
16125
609
38567
1799
3975
56029
7444
40916
67389
39527
8753
93
19028
17262
20420
66455
19876
17373
7876
36365
4052
16129
66948
3411
21418
31861
8801
758
4068
64567
1393
33610
58460
31434
36978
46564
14865
683
14475
65721
3353
862
730
2565
21694
37748
874
4844
28385
48198
30055
14299
20490
1721
3338
3380
14965
45254
28378
14552
13300
66519
3106
28436
23833
6029
30692
3850
206
11108
299
62211
13420
3359
5566
11343
54986
19802
112
14964
26350
2048
43410
37130
56596
27584
43425
19049
26300
6560
9003
8999
13797
41533
26332
6295
18803
196
1781
50281
15274
55471
13394
49709
14735
47340
33141
33468
53362
267
23361
1995
44741
15790
703
4777
32472
26481
27160
66511
17935
43003
12176
59696
19877
47737
65705
12821
60873
3780
1466
4775
59760
1789
145
19615
4838
14949
33359
4390
14968
16703
36242
36362
64754
32565
8866
43014
826
184
42219
30682
53079
14506
6900
64384
18506
60959
2075
8771
14740
70807
5183
8966
5359
33530
24037
41553
15925
16704
5702
17655
64753
694
736
43157
6584
9476
1985
41743
13410
13060
43174
2033
654
13202
13830
18
18507
41148
16925
22241
1922
861
34077
6888
33564
2957
27392
59727
62351
61798
164
46575
2134
9040
14421
9226
37702
24114
9396
16001
12815
12632
46510
46892
23138
1766
28953
325
22971
3161
46346
3964
3631
3907
621
737
9251
12714
26578
27062
9802
49166
12932
52050
70790
239
4752
69853
31640
19256
51466
40554
11880
51870
32614
33386
19229
39919
1426
33032
16242
26571
3250
13
26507
11773
67732
34329
10337
12927
29459
15220
5169
4176
4594
351
17465
33325
55591
17664
2434
13278
34371
6215
48461
21990
23991
5657
49
5828
33931
15436
21021
33243
37852
3517
14535
17488
39597
34865
61246
56866
49221
52716
28524
37863
9151
12468
34373
13760
9351
4343
5316
14416
37864
140
11893
1422
3875
5756
26665
38870
15752
8736
2784
14554
32961
2785
4448
38982
23270
6332
15240
22974
6212
15965
1476
4687
17961
9401
14886
27228
45087
20046
31093
46492
49328
22822
44627
19381
51057
33251
43124
7672
61
50182
53167
15211
12505
6651
14907
25788
922
2621
1898
46736
10304
59766
60219
14265
45146
13155
46941
68537
43145
15514
14791
18282
8880
88
6656
49483
28837
250
37536
59555
22640
14981
28080
1059
13665
47461
48925
6038
19642
39273
13753
60291
4898
679
59850
16898
948
836
7352
15304
1456
34145
5142
22811
46852
1066
307
53213
13504
13139
49608
42256
15089
46729
17225
9531
2891
9660
41754
33393
7390
106
13277
13719
33500
16153
2558
21634
43737
33424
32305
4456
18783
12625
33659
55224
15644
33633
16227
28141
8
33035
4948
53146
34309
47117
12454
38032
14754
12503
1167
20620
36550
2475
28413
49550
16476
43161
71845
1151
34379
37430
51947
4668
813
25677
54741
10103
32359
3553
9654
16618
24782
8808
30265
622
1085
7664
15061
14518
30883
25825
33097
32712
14719
21540
5556
42331
2202
16114
9343
176
37681
15071
32388
9489
14980
4790
34265
29471
18815
59927
996
48381
56040
9292
1793
33279
33330
846
16904
38836
47903
26476
23853
1523
17574
22303
64428
1278
9641
11510
18403
9655
6594
13335
15242
13246
17464
13438
15243
14136
13091
41463
61677
8856
17870
25904
3468
14892
1414
34558
36
19333
136
4281
4345
22467
31748
45340
6024
9258
28370
1164
19024
5608
13689
13333
55609
11605
6566
77
34169
4788
59493
67595
6907
22688
21492
24391
2230
55850
28866
15234
24240
53419
20714
12966
25155
13192
852
4899
27214
4323
58957
20514
3803
59763
12920
25698
52419
42898
1492
17477
21155
1106
20431
254
57
44743
49062
13688
1320
9702
1134
9280
15023
1432
5897
283
20433
49234
53206
23220
3249
31427
21344
15684
5311
15596
44334
50266
58290
3979
13696
3251
2862
252
28495
68251
49603
56978
34357
240
49800
5696
1083
39628
19628
15141
2579
34133
21393
16023
40889
21902
43140
22683
5101
33844
9193
13100
9416
665
70324
28116
70287
34952
13013
14863
64642
6610
9636
60008
26938
14745
38957
62175
9563
673
13988
59504
53210
7448
1159
43019
17957
31820
17634
22499
52330
2246
9557
64860
53056
4280
5631
31032
40533
27367
2870
17938
61438
26568
15284
658
4562
18787
40176
5572
14591
47399
1819
34260
28082
62297
47886
19987
14541
13717
26497
9211
32143
14075
1929
38308
14743
1777
12925
11996
33103
63884
4011
53045
13511
62741
23957
34731
59468
23108
26618
13751
64520
14883
29476
45089
2497
17580
2852
14557
1262
545
37110
18176
16404
5749
50475
19031
8893
2617
4329
3396
17375
31867
11842
2081
3749
45352
51961
6911
8962
9625
65614
9264
9409
39890
13070
23984
33175
2528
19234
1859
3994
48891
25772
2560
236
20607
4903
19372
45630
25723
4621
54753
27050
39205
31834
38926
20595
25731
23256
4410
53383
22173
2671
9005
22690
46565
9434
4454
5366
23267
22600
61440
7421
6604
51191
3473
8906
20337
15132
61231
34500
47861
7386
47229
33570
9722
7420
23319
4353
65
6678
14304
804
62319
2563
54963
9232
46353
9676
17724
13343
16490
9567
46670
45358
4369
42445
29467
67244
67863
2124
31938
33023
43912
61746
25248
747
37484
35217
47827
49426
1385
33917
19399
69642
3157
15338
2609
15098
15126
17627
25166
25911
3202
24694
34151
23002
780
1686
49222
33261
22982
14277
16878
22662
63705
34659
13520
3633
43167
1541
5884
65139
6649
9311
12311
33473
21494
8802
24698
28224
3924
17473
11046
5600
62197
22230
975
21152
30
4743
44020
45355
62115
29271
14815
45231
3973
42746
63774
51152
207
5027
34215
56173
20631
49050
43469
422
5845
6445
16158
4892
41700
43278
1368
2904
18209
175
5282
33524
12929
68017
61448
4253
16609
21920
3759
49794
6767
17626
61945
16408
45042
17338
3245
26606
43171
70846
1194
16296
18278
16409
32818
134
4455
58494
51089
15993
21437
1856
65252
51607
3154
9791
71361
5269
11400
45391
2906
2263
60729
9234
17625
15503
14502
56185
59389
31708
1598
26681
4312
9200
17495
29093
18240
2163
4057
20477
11287
4684
3456
12659
4741
695
66634
13709
22503
33224
19456
12187
21424
6933
4690
16440
33171
66153
38965
13599
39635
34325
63482
33999
22225
3171
22483
71719
1344
12627
24357
25217
31707
18270
12721
64318
9711
33377
39595
29492
52902
10509
8119
49058
53211
19251
62116
34158
11647
45119
71623
62288
30693
28088
19039
127
43328
2901
54262
25173
47036
23007
9789
43186
46108
6980
4825
49589
1324
743
69848
15999
11772
17698
39144
393
22238
33573
9703
1160
54877
43920
11709
41151
45360
9228
32235
23321
1809
12812
38589
2883
14888
1562
4947
23300
3832
33640
33516
23333
18808
51016
11886
4217
62515
18875
1255
54840
2087
16951
293
32902
8992
6684
46111
37309
31869
16896
16692
5182
33015
1498
14358
19037
48978
44017
33728
15031
31636
4218
66476
9631
24682
1811
1099
32092
11453
3103
7628
19623
51704
16120
37082
67243
3827
23784
2002
67424
4293
23947
14508
64628
12693
15188
3256
40679
64683
26418
7277
11832
42983
51720
11895
29197
32228
51182
31231
2997
2548
15328
34256
26007
44345
41519
6323
635
4416
9680
51440
61666
42394
68285
1247
30579
22819
58099
59422
33434
18158
54458
20506
12960
17927
5619
15825
67198
32952
13340
24125
13074
14723
15192
303
6016
8951
17202
25633
54267
5212
45167
25748
12655
14734
6563
58932
53552
83
3217
13305
54073
51378
4255
6152
17228
50429
1885
18005
10617
47599
22256
2923
58770
3549
49983
12782
28880
47064
39686
298
37428
9373
48167
8765
28652
3961
31793
15263
54077
53246
33559
34637
66463
50344
1326
42375
2920
3188
38598
2046
66525
3428
16933
43163
52347
19506
7296
39912
10535
14270
13117
163
4055
27909
25543
33121
55832
4066
51528
12993
50
855
14545
15434
62308
738
41185
53897
55562
22275
20625
24659
23018
820
54450
11848
9646
909
22253
9209
74
49751
3971
13115
54397
1505
36543
14069
1869
4835
28874
12238
31718
51688
46498
42263
66103
40816
10706
27558
220
7157
20936
55762
51365
9283
46685
1305
34389
41746
37521
9191
11819
37247
42675
14096
19884
21512
23912
59469
27308
33634
33312
34519
12258
17523
16316
37
35781
14550
5736
9826
7946
68439
52350
4697
63686
12476
10714
14958
19895
1100
22838
9201
2911
43266
38809
4615
9304
53431
5408
9153
53239
14849
31827
7750
21372
27172
10113
22213
46735
58426
33536
5266
33113
7427
18844
64623
2890
33319
171
21385
46053
12976
41010
13388
39472
52176
2137
9279
40908
5554
15097
4246
31033
1599
58106
50138
1978
46569
22496
61839
9433
25330
3970
12532
2973
5891
55604
33019
30566
9243
843
11652
7751
23695
4266
48203
19018
14976
51809
34098
1934
9576
14728
26818
26590
1440
39100
49194
953
4129
52552
97
1429
32279
5691
39633
3984
18138
23279
916
59234
23335
57569
9238
18423
25892
8810
39042
31108
202
47747
14524
42538
7146
9683
9968
18182
1855
53295
17732
33563
13406
33059
15110
13922
2557
41112
42602
56495
13776
2109
17242
16652
26171
37685
18255
49296
17462
5687
22498
15004
655
2758
3141
58107
4050
729
43980
20407
19315
55679
15699
9194
6535
28318
1633
31909
16943
33589
13483
25735
47859
20148
67615
877
33071
14856
23814
33111
34194
33750
3727
4685
25322
12933
13456
2530
22579
7062
69635
50051
19168
13697
34440
27242
68271
42734
11894
63396
3432
9403
13723
9239
33087
22092
62066
37311
13249
12260
3918
732
40087
3833
58873
36383
19093
33491
32958
27279
12501
49667
13210
2389
19404
5764
57180
26431
49321
4906
191
13667
15468
821
43229
34146
8742
9262
67038
2864
1673
14564
55802
5612
31870
29704
56946
46912
27168
15741
26941
710
54945
752
26935
61791
1722
18940
30330
62081
12493
5049
59242
2076
3307
13804
34494
65312
15150
43797
10116
52111
9308
37404
20450
18422
62005
5746
11430
30402
38266
66090
14540
3216
6674
46666
32443
42361
33453
12924
21049
66856
14966
15810
29534
19903
46877
20918
52804
793
27534
49549
33094
141
37703
51925
14946
4393
53932
38104
8357
2511
33736
39147
12948
11297
46511
4375
14527
670
14553
60753
13229
173
4305
19440
16038
13519
3745
33557
25648
17692
46888
48286
34730
23949
64145
1308
59749
9363
38115
14448
24557
641
38887
959
56426
7687
7329
33318
56
45025
34383
33066
12695
7337
8778
1132
13221
3447
59531
9271
32251
12181
4482
34374
1430
11998
34189
6629
13662
14889
42744
4566
9344
962
60593
11196
9282
9490
3302
7319
46556
46504
28498
149
7133
1860
12669
2044
18120
55258
1488
2315
24613
5
28234
41849
3107
767
23080
59129
34229
41123
884
13123
43965
14894
1465
70172
58899
44383
21429
64607
27212
2944
26521
69704
49144
12638
34106
56387
1808
56024
3149
42615
39687
49829
30286
50428
14667
1668
49179
61705
23126
13694
9622
8982
13185
34147
63475
26564
26203
42723
6607
12496
32368
64166
1178
38838
23316
41263
31765
70921
67779
9495
37551
4263
37408
60082
55181
2304
7412
25521
5944
13108
45655
28497
47756
43392
9427
54278
32405
27289
66155
55269
646
37524
6348
9305
28112
306
56848
1919
9213
22096
11835
3012
14391
4023
14758
65279
8977
3134
2708
9588
51405
258
53604
17347
9850
6280
932
67073
4515
40493
54695
9731
11820
41100
1068
29700
51326
54789
15087
12571
44551
40790
355
365
4022
27991
17371
29688
11747
35226
4231
8947
104
12155
2098
331
33578
3289
19085
15108
50169
13127
1988
37060
857
31107
827
20619
46573
2160
222
16076
11173
34390
6850
49204
9219
4928
12799
18002
14158
1084
12670
13261
3736
8839
33100
21368
56283
16882
24362
2060
1091
55255
49931
22810
367
867
11176
6636
25722
15343
10006
47921
36412
12787
42759
1144
33729
15038
22271
5581
55878
5956
49189
13729
27072
15952
15146
66898
32001
12014
71058
21520
6034
19447
45079
31375
2280
10544
30678
12175
37464
42504
8784
19949
19419
20229
38062
260
26693
17639
295
29370
50046
6017
1249
58927
18788
39834
9494
26704
15756
7638
14477
11766
20250
12981
24320
3074
38067
13039
47516
34844
11758
14700
2089
51121
46886
8842
18830
18226
33105
14957
42907
5202
25642
33586
45049
1162
14862
11337
16086
9143
6567
1266
18827
37307
34695
9732
208
9541
3978
33011
16281
10216
34368
26066
34396
14330
34854
37431
57970
14332
12901
5753
15183
19403
51361
18905
34284
14773
4763
2118
53883
24706
45737
65111
21966
5872
32466
6210
40814
12498
42232
34282
3412
24062
8903
47408
19607
24078
17425
2388
17723
41880
59532
1800
34286
38157
21926
1152
17239
67669
1343
38808
931
19199
15084
12930
13181
32977
3966
69140
3860
33799
59420
42106
6156
50506
19510
35345
19285
31002
8109
9368
14490
12156
54917
65771
26407
65205
880
26918
20942
53036
9662
18258
23027
5190
33027
59501
8827
11764
41128
14782
44439
56010
9610
26319
13443
1045
58909
40886
14205
51335
20467
47738
28930
8879
12209
38274
53796
26788
4734
33884
9501
9485
152
32962
4634
11626
663
16561
17622
9272
6595
14164
14618
1258
53059
666
1089
9388
1794
16145
9649
33118
30224
45363
9276
69678
53229
26445
50003
39626
5411
2485
47821
1716
46551
21556
46470
3853
20929
31637
48197
4037
33329
23802
66290
26718
8859
11738
1804
64368
47655
13375
38262
46740
34703
3162
895
273
16947
23376
114
9353
33199
13685
24742
13490
3394
4754
25753
33416
31463
43512
2208
60803
59743
9491
11273
23852
6597
33356
14955
24343
7471
9406
52161
13821
40506
5610
15861
6333
2544
53065
44520
47693
7746
17830
11794
17806
15759
16166
24011
53540
64451
26043
25956
28646
198
56332
45124
63626
62576
841
13373
13084
51698
8219
49457
41049
45507
58358
48879
48510
59848
71685
118
8845
21386
25758
9459
15081
57286
734
15362
70857
65132
14854
23265
1427
17925
5459
53488
5389
12482
28610
9488
1123
4905
36216
49798
61327
63645
3682
87
51028
56184
4193
40838
15184
7322
14926
61923
67217
1641
6625
14029
23284
48949
284
33861
8950
13187
24612
13112
47217
3752
15753
21367
15849
10129
70426
15988
5781
13031
44430
56174
63524
28188
39729
62051
7489
64909
49974
45916
25142
7694
64627
52078
44973
10164
58354
6169
9335
17390
4522
1264
47496
14398
3213
17440
52892
46024
27170
3926
16186
854
146
60680
34104
8881
12305
23318
5137
270
27515
29891
50330
34361
20508
18275
32971
17430
3472
27334
2613
16258
3041
6019
13186
50611
47686
53339
13646
60677
50252
31336
12456
45159
49312
14569
39602
48536
19622
12419
19022
1579
55405
5264
17424
19920
14583
5717
5429
70200
46497
58
36455
1381
24827
51053
33270
5288
8776
25943
797
15574
3972
4976
42264
52846
45341
46052
49846
1239
47845
52068
64023
15697
4043
14374
12520
345
60017
63030
12551
40686
4054
58288
19177
60661
2524
11301
744
581
6358
56956
26421
182
69987
13154
2706
10153
3155
14874
33067
19866
15099
40204
13109
15119
291
3174
2597
52124
60869
63707
3454
315
16322
6633
14703
64664
43160
9202
17640
34405
3830
1179
4007
49915
787
2687
44513
21387
55155
9707
28441
12634
5290
38597
13061
30230
23352
54984
180
161
59917
731
35328
5604
51845
30880
42310
48364
3137
47778
1270
9503
3415
11774
13182
48784
33981
14986
28076
52115
614
34262
2451
9499
2026
66671
23302
1491
14318
65719
71414
17895
28175
62018
9146
46942
9269
3409
15176
12987
4666
13714
29563
71706
13826
30699
11608
871
11763
12778
2018
47540
54335
51725
1696
20924
8103
7593
14406
42356
64815
56909
19284
26258
7759
59879
50300
19435
9536
2788
4451
32161
42225
5064
34198
33796
1371
50454
2514
60655
16844
1298
28985
62022
12214
10093
58102
1182
31715
359
3765
58926
28666
15053
1991
11911
49111
10555
9325
59854
20012
19438
10094
23152
12904
59753
2401
33667
39161
9356
5117
49243
50649
4761
34397
59885
33719
2802
49731
16653
34528
34536
14821
37700
5124
22793
34179
36538
4789
64256
16562
2110
5791
1471
39612
33099
763
32173
59775
56012
47789
41744
61459
42087
14950
53384
44553
52391
7442
58938
24528
6745
13357
30153
25176
1590
34380
14160
10612
54308
6670
5811
42899
148
56067
5257
6587
2286
13235
45165
19414
3371
38791
9695
33562
19020
43275
46080
762
28628
33725
69621
13049
37015
5831
13165
29465
818
4013
27074
46503
4025
64367
21553
33938
32398
7443
7041
64148
3667
21405
33144
5230
9206
33514
17476
5985
10360
20788
48057
34166
14531
67328
31051
845
27460
32135
60634
36541
28415
51328
1602
26206
51770
13571
56510
6565
979
11855
2106
14706
33513
1642
59127
28087
59748
60404
57483
1823
55844
1474
66797
79
20015
14696
60598
3997
61425
33486
59560
13678
795
14954
34028
11960
13098
24247
1948
3821
89
4822
108
15015
151
12946
21417
154
5412
714
11769
56703
16372
18851
8974
19725
58734
5585
20648
32164
42984
39355
62264
3638
2119
56862
46369
18356
19452
23325
50027
33650
33662
9381
11944
26562
69
25988
41121
15091
2397
57010
14729
39301
51471
9319
271
69579
9806
15510
23551
17481
20476
48009
36488
34506
31106
31250
54459
12971
26746
15798
2128
26948
22985
25744
37094
55585
59223
49795
19209
9740
32093
46561
62273
16850
57556
1023
113
613
16518
1451
2378
34560
9604
61937
1587
31017
14799
9677
4637
42033
2576
17545
31618
46890
32942
34537
13132
46563
42417
1260
4640
24388
16320
14480
2036
14519
33389
5971
3274
13389
9197
892
15635
7335
40680
18428
28150
23012
52997
14099
11856
4125
8849
3988
16219
3187
15148
13565
27162
42889
28502
2273
1731
4374
30575
12858
42020
29455
13086
66825
11268
23556
60025
137
41534
13939
49716
59639
13387
31031
11528
2603
44289
20025
4807
1994
36552
33870
32909
26567
33957
19916
58937
617
63820
625
61255
2977
1666
23347
42886
65590
1436
9310
1990
43850
14002
1848
27365
9526
34273
4408
2059
31055
23916
52993
43845
659
53039
3445
58414
1442
29986
3870
13677
37582
4361
61325
49823
12797
890
17572
48455
45102
19462
677
28025
53370
14963
37242
14310
55454
928
16466
2522
8807
16954
52994
42051
15054
46526
64661
29774
388
28421
788
13152
51544
39986
13392
14587
33191
11858
38890
33772
9410
22239
47761
14914
34556
34176
10411
54272
10692
8939
55576
508
12675
6655
5651
5413
12804
2876
23242
13263
23343
45342
33326
234
56545
69193
59143
38854
23609
31004
49237
19184
33579
19091
2505
33063
2490
30571
2117
28492
23322
3764
19420
2774
53739
48331
3710
62369
8874
15707
32953
56271
166
1564
14982
13329
14837
34259
31811
37540
16647
23948
29315
3857
11614
57516
771
67359
27257
15249
38800
5323
15763
9472
12973
42892
2409
54343
5668
46499
43164
11897
11780
32831
27522
29550
47873
13339
12963
2951
2531
62199
7351
4349
18697
29133
31717
4279
637
33498
3654
64730
1517
4320
25985
29474
33527
147
23243
15327
17068
31254
12817
37106
70939
23825
1246
8826
5626
26930
8824
3766
45454
1902
9447
5742
29463
27035
14702
1735
608
72162
12504
7490
28662
32075
51325
62517
11795
31156
43461
18826
2615
41993
2179
22391
15064
9025
1507
717
27547
23310
16587
15044
44998
3783
43
26114
24725
25976
42311
11
3560
12855
1701
3948
34143
805
32424
53962
25196
10151
15264
5689
9738
9372
4001
5346
17548
34332
31952
29566
28394
3744
972
8848
2746
3976
18171
49375
13166
55206
620
60333
51938
1224
26455
70727
31871
69620
3405
229
41015
20150
67774
7295
3438
9392
7280
14515
47713
1141
126
8024
58371
9908
45108
45840
8767
13134
265
95
15096
33504
49796
1405
7387
3160
32175
46746
26039
2139
61383
17321
1748
53814
34251
18091
27993
42669
1540
25749
57503
4016
4259
155
8948
65838
5887
26031
52319
4350
66277
38856
470
70710
32420
31515
53049
12459
50187
4718
33722
34403
7254
2346
42390
20493
2861
4998
9523
49824
56031
1361
12469
55572
1782
51852
14699
19211
18641
53578
45638
8781
47683
7683
4853
13542
1325
31644
18417
42894
16973
50030
15683
25133
4864
13140
71119
52064
1654
34845
64767
64648
33331
20496
34255
49817
13076
14269
17422
1577
9360
56701
3151
8785
26623
23344
46030
3211
39259
11595
47343
56399
66460
60255
14001
6582
34080
37507
119
13750
34362
37482
42995
30394
25816
28531
7533
14284
6408
4653
12491
27445
13489
15121
29343
1081
1463
57176
49980
25782
8387
16192
1459
34307
2542
67697
51456
67493
7856
34331
26460
33553
68076
619
1515
33209
58310
2322
44734
45972
681
53273
42420
20238
58406
57684
33636
29740
5709
25202
34221
34140
42567
6569
27504
18386
37429
3096
15066
32351
4149
2350
3191
22507
404
37974
60185
23241
2396
52074
41421
5446
29179
17244
18810
55855
4264
19976
850
63761
4843
64496
1323
24042
11852
662
2919
9943
64376
4814
400
65161
2431
1997
56979
27568
2838
1
44626
1279
45018
65322
4026
15151
40594
14802
13425
26738
25147
60895
69285
2399
60006
11824
12
4373
22545
56737
13488
12195
3389
5331
28220
4008
26574
1479
11409
24751
23281
14934
3613
82
32012
32943
6650
40546
46496
14836
69734
63008
50315
11169
38
5276
24345
10316
242
1834
39339
15011
30046
6045
15137
31815
15390
12918
47978
3619
5671
15789
17575
32070
2226
14713
13391
1906
1313
59872
28941
56102
19057
25726
36584
1707
3771
36625
17393
33338
766
4367
60653
632
20497
26641
66454
43416
47674
66572
52540
66987
2740
64307
9647
31813
43185
30924
50466
14497
59758
41360
12557
42520
45047
5648
60013
33398
15088
24858
317
16196
6263
43385
14597
13699
28488
21454
51536
59750
41
3420
30264
13352
8398
5407
27103
60739
41759
5718
5680
47752
5386
34314
64592
56733
42222
12942
38898
25750
187
1396
28756
55708
45264
49982
1048
58617
21529
33720
23050
44045
3075
34187
45665
31363
12624
5911
9733
63764
16308
14409
19934
2792
56847
4643
3859
17793
41721
39122
1495
45110
720
7121
8722
64682
26080
56263
68041
34788
59350
9644
3341
26678
11286
53518
45070
5904
47836
16134
335
10276
14138
16072
6575
18132
4698
26023
53082
53505
26692
1767
27496
1449
25984
37093
17220
55234
53426
38785
53256
39299
24405
132
15841
2094
4032
64169
60635
1257
56536
29298
47398
17803
4676
15164
26731
53481
48205
352
39918
304
34336
20464
41749
9686
15930
6103
52569
11153
33483
2625
22482
967
23372
96
3552
41136
23201
59931
34237
50493
34121
34334
33112
3608
32390
4784
181
55115
9440
984
13106
15736
1656
36440
22943
42188
14584
12473
626
15009
41806
56027
62478
2661
34771
1631
2902
13119
14990
42236
41785
5171
29304
12452
69206
26013
26081
9795
3163
40799
26172
3826
27500
17631
33962
56599
42611
53561
42575
26907
14539
4234
5986
23250
40208
60572
29856
38046
1920
29569
1772
26696
6591
28556
45236
39725
47763
17738
1535
5170
24683
131
203
14257
42895
16498
26835
19274
26022
5960
14595
13507
26929
48909
3390
3194
53882
19299
32899
926
40879
54
24955
2786
51362
51559
414
53879
2310
45125
30203
52717
10184
68344
4904
14793
11397
3982
65692
26925
10628
58872
5650
649
22655
13306
32903
9000
35091
26153
21695
46495
48515
1122
56416
43486
9204
3669
24850
19300
12732
37768
31036
24771
55056
46781
19370
34168
1017
223
9639
50288
20246
8795
14290
45405
3109
49724
1358
37488
46687
19538
38811
43967
5463
55812
13011
23402
69849
47781
46800
23385
32912
3522
41166
28029
15297
40538
685
15751
17370
5164
62214
49728
44713
21834
37013
645
62783
60656
1773
1883
33617
37704
42896
13787
29383
25131
52133
9306
3433
1221
29552
3999
69701
46895
43335
14351
33432
15313
12098
33576
397
30694
67179
23137
16444
3029
3231
47748
18123
59277
64537
45074
2886
4386
34533
26309
13237
34505
6611
121
2881
56090
64484
4954
16505
15936
806
52016
9023
26299
1387
3469
27108
12949
9835
9720
18489
9674
9032
23920
8674
64710
5747
27188
37571
47407
23348
49742
1480
5132
17652
65107
19568
48539
49185
8783
25713
9424
9798
28697
14819
50512
42489
69917
45331
810
23855
9583
30653
42693
1968
26687
1145
56558
19913
31736
44486
12722
52164
15033
14772
12247
26367
16858
30943
25847
2071
26923
7695
27248
38061
3912
22206
13254
53817
18782
33143
37499
8970
18813
48597
1158
3981
1702
18103
24030
23836
1176
1350
44947
40858
3138
23811
14492
1606
1604
14211
5980
15526
14730
281
745
9453
16077
18416
6602
20424
15122
1765
38072
25729
4601
66693
24558
34235
45376
290
14756
28371
3150
18286
43966
23287
4284
43192
6601
17974
17352
16507
50306
17955
3965
1004
9653
9312
13271
34296
26016
10115
25622
25727
71989
17500
3998
35371
66232
7308
39231
2831
46739
45365
42186
1688
17263
42713
9096
9651
12635
12871
13180
15997
39163
44754
47960
58293
38805
15117
17459
29091
9537
12869
10211
32290
1319
9596
11765
15453
64452
2212
34906
50067
53355
14071
12900
8902
55209
1220
43194
55130
35346
8668
9638
8813
30573
19164
9530
13304
5337
6637
37969
25680
51584
12786
16136
47202
33935
1796
13792
16335
9534
3945
41468
47288
55980
13024
10005
49633
26728
20128
28706
9940
69779
1646
878
4307
34290
66195
33776
6322
66019
716
12972
14870
15134
33657
12999
23400
56140
110
42005
27243
13222
49391
9761
26179
26447
5663
42321
13129
11971
1212
5338
9411
2112
814
3563
5289
2570
33757
25756
834
22093
26506
14715
4419
19962
25630
3797
4635
2029
14807
51537
4483
70678
68825
1462
7553
55118
9248
25065
2285
53423
69787
18152
68262
24610
29240
2193
64134
76
32925
34339
49182
13808
59929
1461
1198
56841
18644
7378
8972
15700
34206
1094
55587
9564
2713
1657
1917
64265
20633
5723
3681
14812
25681
42366
70293
988
39264
48727
12902
4117
25387
14967
51769
3272
27009
29749
38264
21399
537
23337
17744
23362
50008
25774
38768
19179
19522
10189
26510
3732
19197
69517
2842
18366
59083
26296
56857
1225
27282
1183
53092
67295
2007
11757
30884
18309
12628
17501
23457
8957
1880
31956
35327
50822
62
6132
27938
721
1556
12490
36445
32148
54029
3457
18089
16286
13413
25118
33155
16144
52324
34149
11761
15125
5695
7117
46364
25169
3815
65998
1142
38801
39191
21394
15570
9558
18611
9284
201
27255
17970
37450
28982
33895
12962
1433
16538
9313
68944
18866
43111
15317
24879
15182
19413
56752
40890
54468
42373
20406
64531
64432
15049
24730
26942
37474
