41358
1764
31084
10283
3164
107
3589
15093
44913
2711
5676
46509
652
5409
382
9450
49753
11749
1736
12943
9198
244
12698
8816
17621
2351
2722
3158
12509
9547
20455
8787
2737
14348
4441
46338
122
8815
14705
13009
253
1550
644
30679
13478
11751
17582
41113
23305
11892
3190
18821
4076
11870
13079
33451
9268
42220
664
4901
3816
8809
36858
2466
170
12524
5800
4038
1665
6562
29458
14238
3881
194
111
9275
17952
264
66
23255
15928
23350
9287
26256
12494
29567
42942
12474
8780
43012
21397
7462
13461
2102
2359
1759
45081
34216
2132
882
12789
49809
9317
9208
23292
7989
9254
24643
1450
85
4000
6631
9233
15745
8764
31030
3838
17603
978
36565
12928
856
639
14482
2080
14738
102
946
55
3967
9504
9794
12159
3303
9295
1135
48751
13033
8953
1336
9613
7341
13268
13365
3768
1283
8772
22285
15767
1348
9456
6635
41756
789
24365
25139
2074
61865
94
14570
12652
16185
1729
992
21439
12917
193
62500
59069
41315
48211
3022
1553
14905
34141
2855
6593
12784
8980
13019
1981
47697
59
24092
150
41198
39233
25724
12111
8798
84
8885
8782
34483
12916
3218
34225
91
25625
1277
14747
719
14509
8926
160
14494
1333
9220
9417
9678
15042
14134
53899
22500
2817
55039
37869
22502
22975
29945
28373
4720
1853
30769
4276
301
14510
3185
1509
28762
2083
1256
12587
44802
294
4604
272
642
66152
4897
14775
46506
13506
49676
1382
3416
2559
4912
12979
9507
17963
12843
6576
8864
18145
5436
53072
753
116
9797
5952
9120
12104
32068
1830
14890
32149
15135
26553
29468
9581
90
9291
9689
3035
3055
1737
9437
593
628
2849
47774
12487
765
8952
31923
328
6568
2887
14671
11748
6534
740
9345
28836
802
17355
15766
773
1118
14483
5218
5390
1380
4351
358
9242
6559
31029
4686
59266
57500
1222
4450
14151
9190
230
12660
1189
1311
4629
3719
24228
576
1987
22827
605
13382
1349
2065
314
34933
31079
2717
3240
9571
36854
78
23907
5270
38867
17579
26934
25981
8837
6961
210
2049
8770
1226
43166
29654
232
26321
2082
1444
34489
117
2100
37498
3063
11399
5692
9188
40885
13183
31008
1558
61957
2847
1489
8773
12936
27213
5677
8805
2073
9561
6630
103
47782
1071
1798
13021
70
51588
1282
4004
3247
9256
1743
1511
9189
9199
13302
9230
22059
302
1753
2529
32970
41851
13666
9207
81
12517
17451
4760
1295
17543
927
1504
9223
11853
4370
14726
17235
1858
23937
22815
5354
13679
46500
23891
2348
1049
3834
4765
5173
2270
16263
1501
4096
13085
3186
17450
1791
3166
28203
7418
5410
2508
6193
6571
9443
34399
28
15768
28626
274
33231
8981
9214
22245
8867
3751
38098
14491
26439
217
276
47818
67872
41102
329
167
607
246
15169
21391
17214
4900
21546
9224
13366
19216
8794
128
9236
13116
2181
851
10195
1030
8774
5320
125
3153
11770
27014
542
5143
3179
3047
764
2510
9804
2031
27109
61367
98
59679
1506
23003
23793
2843
6642
1254
59837
60802
13064
2267
4636
25739
21897
33552
8884
3246
31049
66608
22497
13175
30700
36577
17969
42360
39781
1054
693
2448
2277
50427
1989
18804
686
48774
36385
6608
13492
12462
9383
1169
129
18801
31590
10125
11435
14548
67920
5510
1477
109
756
21398
1154
43219
5327
1439
9229
2224
15174
31633
9846
28834
19432
36554
2284
3593
23396
56726
13093
1508
2908
1372
4746
1717
4362
64086
14350
13917
3782
1756
3648
42901
36899
172
23085
4569
13143
278
1485
4564
64791
1150
1585
22806
2096
15198
9355
320
9249
9888
34642
45913
14885
57139
33254
26922
2352
1383
13350
4908
218
287
177
14528
624
16241
8789
43742
47660
18781
9210
124
5654
14766
133
4554
11437
8938
21442
27055
9192
8763
9446
2317
12937
9240
9474
50126
5516
12954
9413
59450
1864
16224
17419
2850
143
14897
64
2166
661
942
14338
3223
8979
9327
4318
32910
25066
2125
9342
735
633
8844
2266
8870
13421
12192
1297
31133
17912
63945
1514
9300
195
12950
42176
4098
52
12510
22028
225
27495
1537
51598
13687
34347
25967
1006
22495
14876
227
22484
612
23941
42054
42643
32144
9648
212
9231
14565
17376
27137
14272
11850
13089
43177
33108
1531
289
17688
115
19010
69514
1053
690
5810
6664
39405
48970
9690
15260
5268
6561
2349
12980
43833
2898
707
14813
13054
27169
2811
13068
14783
6834
318
17200
9484
292
2265
4339
4398
13385
38806
45617
7325
2268
20126
53122
332
8729
216
40672
1353
1005
1838
19092
6643
17505
28295
12964
1306
6570
9237
22233
12833
138
46554
24525
57115
2865
22501
2095
165
25458
1417
1321
23909
13137
257
39607
3831
55117
1424
957
20933
4428
2260
12860
12793
33665
51
26675
12761
39889
25152
16139
36375
4792
9253
699
26686
1197
45075
7388
1557
31320
33109
14653
2288
28632
3230
40447
6564
618
42319
324
16046
12497
17245
6278
60618
982
32814
6666
1464
1571
24000
3791
13670
2269
9196
8731
120
40673
56593
4355
3502
123
26579
650
50131
23981
19198
28374
1519
31846
5913
13040
14701
14724
4327
15388
1195
4751
23260
65893
8811
17418
12939
4010
634
33684
42385
17254
45100
26920
157
1510
8792
190
9235
3170
29482
14407
68
1092
13482
33431
61170
30986
1033
26514
14794
27114
9400
1470
1250
2567
42110
31223
583
2092
57137
9429
9119
14956
23857
17506
9565
18856
11433
32152
47260
56011
25254
4118
26790
19065
2107
13260
19599
5699
18084
42293
8777
17951
1087
1088
904
35227
26898
4667
2566
9241
34318
7360
25136
1136
8189
3995
59694
4605
235
14716
344
42258
7287
1719
2526
1521
25745
9371
9203
6609
14555
13149
11492
1165
32128
13534
1037
1594
3379
179
3643
2578
8077
14741
742
63931
255
20132
26533
259
12484
4442
9273
1458
8956
33624
2103
669
14486
12463
9257
13698
25728
237
8766
14969
3273
660
54843
420
907
6586
24668
14590
4920
16171
14840
14911
204
1379
713
2960
247
30740
3167
14935
316
872
5201
1044
12466
16202
9589
1287
55380
10587
8812
14917
2910
25049
902
14542
67
5319
12274
1215
1406
14137
825
14479
43915
27276
12923
2097
275
45052
46493
25140
1455
939
2532
1163
31006
12480
12718
14972
3993
228
12995
800
280
8684
950
4902
34274
188
12959
12461
1807
31176
947
14493
636
2287
43188
9212
27688
6646
24703
19191
14806
14928
779
51333
1080
12921
1559
14647
2437
12796
11398
12345
11746
266
6081
4603
1341
3503
8929
8878
750
24740
4614
27068
12457
46034
28379
1503
12974
9012
8779
9255
5168
9244
1915
14941
1810
12795
16069
19869
13096
32122
326
12926
3067
25250
13308
3975
66455
36978
46564
14475
730
21694
1721
14552
66519
3106
206
299
13420
11343
26350
6560
6295
196
1781
13394
14735
703
12821
4775
145
19615
43014
184
42219
30682
8966
5702
694
43157
6584
2033
654
13202
1922
861
2957
61798
9040
9226
16001
12815
12632
46892
1766
325
3161
3907
239
3250
13
11773
12927
5169
351
2434
21990
5657
49
37852
3517
37863
9151
4343
5316
1422
3875
2784
14554
4448
1476
4687
46492
12505
922
2621
1898
10304
13155
46941
88
6656
250
60291
4898
16898
836
7352
1456
22811
13504
13139
9531
2891
7390
106
43737
4948
12454
38032
1167
2475
37430
51947
3553
30265
1085
14518
14719
9343
176
32388
996
1523
1278
6594
17464
13438
13091
14892
1414
136
22467
9258
1164
6566
4788
2230
25155
13192
4899
21155
20431
57
1134
9280
15023
1432
5311
28495
1083
22683
665
13013
9636
38957
22499
9557
5631
31032
2870
26568
4562
14591
28082
9211
14743
12925
53045
1262
545
37110
50475
31867
11842
51961
8962
9264
39890
33175
19234
236
45630
27050
25731
23256
22690
4454
23267
6604
3473
8906
7386
7420
4353
65
804
2124
47827
1385
3157
2609
24694
16878
6649
8802
30
29271
207
16158
1368
175
12929
43171
134
4455
21437
1856
5269
45391
9234
9200
29093
11287
22503
12187
3171
22483
12627
24357
127
2901
25173
43186
46108
1324
11772
33573
23321
1809
12812
23300
3832
33516
18808
62515
1255
1498
48978
33728
4218
1099
32092
2002
67424
4293
14508
64628
12693
3256
11832
2548
34256
41519
4416
1247
13340
8951
14734
83
13305
3549
298
37428
8765
3961
54077
3188
7296
39912
163
12993
22275
74
49751
1505
36543
1869
220
9191
37
9826
12476
9304
5408
27172
5266
2890
171
13388
9279
31033
1599
22496
9243
48203
953
97
1429
57569
8810
14524
9683
5687
22498
2758
729
20407
15699
33589
13483
14856
3727
25322
2530
22579
11894
3432
9239
36383
12501
49321
9262
26941
710
26935
2076
15150
9308
18422
12924
4393
2511
12948
46511
670
173
1308
9363
7329
45025
12695
1132
9271
1430
14889
962
149
1488
2315
41849
3107
884
14894
44383
56387
56024
3149
1668
63475
6607
1178
23316
7412
25521
5944
13108
9427
646
9305
306
1919
258
29700
51326
15087
355
104
857
222
9219
12799
3736
8839
33100
21368
16882
1091
22810
1144
5581
49189
12014
12175
260
50046
13039
34844
14700
2089
46886
33105
5202
1162
11337
9143
1266
18827
208
12901
19403
45737
42232
3412
1800
1152
38808
3966
6156
35345
31002
9368
20942
53036
33027
56010
9610
1045
14205
8879
9485
152
4634
663
6595
53059
666
1089
5411
1716
46551
21556
3853
4037
8859
1804
38262
34703
3162
895
273
114
9353
4754
5610
25956
198
118
25758
734
23265
1427
12482
4905
49798
3682
87
6625
284
13112
3752
21367
4522
17440
854
146
270
3472
12456
14583
46497
58
15697
14374
345
40686
58288
14874
15119
63707
315
6633
4007
787
44513
180
30880
14986
9499
2026
66671
9146
9269
11608
20924
8103
42356
9536
4451
1298
359
58926
15053
1991
10094
2401
9356
34397
33719
36538
1471
41744
44553
42899
148
19414
33562
13049
21553
9206
845
28415
1602
6565
979
2106
1823
79
14696
60598
3997
59560
11960
3821
4822
108
151
21417
16372
8974
32164
42984
9381
26562
69
15091
9319
2128
19209
32093
613
2576
32942
13132
1260
9197
40680
3988
16219
3187
42889
1731
4374
13086
66825
137
49716
31031
26567
19916
1436
9310
1990
34273
659
1442
13677
12797
17572
37242
928
8807
388
13152
8939
5413
12804
23242
45342
56545
19184
2505
30571
3764
2774
8874
1564
29315
771
9472
12973
29550
637
1517
147
12817
1246
8826
29463
12504
15064
1507
717
27547
3783
25976
11
12855
34143
53962
5689
2746
620
1224
229
41015
7295
1141
126
9908
8767
13134
95
1405
7387
3160
17321
53814
42669
1540
155
8948
5887
12459
20493
12469
1782
7683
1325
16973
25133
1654
13076
17422
9360
3151
8785
6582
119
14284
6408
4653
15121
1081
7856
44734
681
37429
15066
22507
404
60185
4264
1323
662
1
4026
14802
13425
26738
12
4373
4008
26574
1479
82
32012
40546
46496
14836
38
10316
242
1834
39339
15137
14713
1707
4367
632
66454
14497
60013
33398
43385
3420
13352
60739
5680
187
1396
28756
49982
5911
3341
11286
47836
335
4698
1767
1449
132
1257
29298
352
34336
22482
967
96
59931
50493
181
15736
42188
41806
9795
3163
3826
27500
1920
1772
6591
28556
5170
131
203
42895
26835
26022
5960
19299
54
4904
14793
11397
3982
26925
5650
9000
48515
9204
31036
223
1358
43967
32912
28029
685
645
1883
37704
3433
1221
3999
397
4386
34533
121
2881
4954
12949
1480
8783
9798
42489
810
9583
42693
1145
14772
2071
53817
8970
1158
3981
1176
14492
281
9453
25729
4601
24558
14756
6601
17974
13271
26016
12635
38805
9537
10211
32290
9596
15453
12900
1220
8668
9638
8813
19164
9530
25680
1796
9534
10005
28706
716
14870
23400
110
9411
2112
814
3563
26506
14715
19962
3797
2029
14807
2285
76
8972
34206
1094
1657
1917
3681
14812
42366
27009
38264
23337
19179
2842
26296
1225
11757
1880
62
1556
54029
11761
5695
1142
9284
12962
20406
