107
382
12943
9198
244
122
4901
3816
8809
170
4038
111
264
26256
7462
9317
9208
85
4000
102
9504
1336
1348
193
59
91
719
160
9678
29945
30769
1509
642
3416
116
90
328
9242
31029
1222
1189
605
1349
314
5270
1226
117
2847
8805
103
1071
70
1282
81
1504
14726
3186
2508
8981
217
4900
13366
8794
9236
8774
2510
1169
129
756
1154
4569
1150
9249
13350
177
43742
5654
27055
143
64
942
3223
9342
52
225
227
22484
612
17376
1053
5268
14813
6570
138
2865
12860
120
123
650
157
18084
8777
1087
26898
11492
1165
179
259
669
3273
204
2960
247
3167
1163
188
1080
12345
3503
8779
9255
1810
12795
206
14735
145
184
12815
250
1085
14719
9343
13091
57
1134
1262
1385
11287
1255
1099
11832
83
220
9191
12476
5408
22496
9239
2511
1308
149
1178
9305
8839
14700
1162
208
152
663
6595
666
114
118
87
315
9146
1298
10094
1471
79
108
151
69
137
9310
12973
1507
126
6582
119
662
1
12
11286
132
6591
131
54
223
685
810
1158
17974
1220
9534
110
76
1094
19179
62
