12941
41358
16200
29499
1764
678
3442
52386
31084
10283
9910
3164
9598
107
3589
13069
15093
44913
2711
14266
49797
2235
5676
60047
46509
652
5409
382
14301
32142
9824
14843
3684
9450
49753
22801
11749
1736
17224
12943
1648
41830
9198
31756
244
4819
12698
8816
4381
48212
17621
14501
53187
29316
5005
49830
2351
33232
29135
2722
3614
4060
3158
3514
12509
17789
268
9684
26682
9547
31897
65703
13276
13008
728
13156
20455
2470
86
8787
44733
1146
9668
34264
2737
14348
44727
9277
1490
14933
4441
9421
46338
122
45221
8815
16888
23944
49146
6819
14705
56576
13147
4087
43251
31085
9358
2665
53366
13009
64552
17669
253
1550
18222
644
18140
30679
13478
8688
11751
38730
51702
13215
17582
41113
7863
776
23305
30587
11892
3190
55114
245
18821
9362
1762
66407
9454
4076
11870
4855
13079
33451
54504
23331
6324
9268
55412
14357
3548
13144
14385
37930
42220
12633
664
4901
3816
7441
45128
26779
5714
8809
5259
36858
2466
52873
11159
22066
170
12524
5800
64303
24779
45579
59425
2500
4038
1665
38862
6562
2846
1354
29458
67185
14238
754
3881
194
111
1316
14777
9275
29529
17952
264
66
17555
23255
20449
15928
23350
9287
75
2730
13334
17485
26256
12494
29567
17679
42942
12474
60602
8780
50278
19910
43012
21397
23299
7514
17949
8857
24070
2045
60844
7462
50312
53077
13461
11909
2102
2359
1759
45081
9800
1304
3914
34216
2132
8831
5401
882
14839
31072
12789
14913
49809
9317
9208
14285
23292
14162
1522
9215
27022
7989
19066
1003
12507
23985
9254
33449
24643
4820
1450
14778
9512
85
4000
6631
9233
15745
11636
60387
20168
13111
604
2723
8764
3609
22584
54815
17517
13097
31030
701
19825
2382
14737
3838
17603
978
36565
13806
56617
1778
14891
38906
12928
4238
856
2667
35342
9266
14488
1500
12983
2184
15605
639
14482
2080
29551
14738
102
6992
60896
9359
946
55
64258
3967
9504
9794
12159
13044
3303
9295
46501
47704
1135
16230
48751
10246
13033
8953
22828
33321
43958
16481
1336
9613
34139
40803
41962
6603
13242
58493
7341
13268
13365
3768
67196
58936
1283
8772
22285
33043
15767
1348
22242
9456
1275
53069
6635
12934
40357
41756
789
24365
34877
19490
25139
2074
48508
14879
1335
61865
94
14570
12652
16185
14816
14901
1729
9205
992
21439
12917
14852
323
193
31144
30683
39128
62500
13211
51397
59069
31037
1980
41315
48211
20445
1447
52012
3022
18319
5310
1553
15072
14905
34141
24718
2855
15060
40981
38066
5361
19496
6593
16368
12784
16190
8980
9374
1407
8965
8539
13019
1981
48743
9142
14871
47697
59
5642
24092
150
9349
41198
15749
39233
25724
12111
19021
8798
84
18836
8885
8782
34483
1653
29533
15048
46921
55986
5557
9379
17415
51857
33245
12916
5075
3515
3218
4436
19904
3769
9404
34225
91
25625
1277
14747
14796
4711
719
17053
1543
12898
14315
15762
44026
3786
45759
71004
34549
9227
14509
8926
160
14494
3131
6644
12977
16834
53057
1333
9407
16159
9220
14522
14845
9812
9417
746
18597
9678
18838
3653
15042
14134
3758
53899
22500
3689
2817
41106
45029
610
55039
37869
33119
6328
22502
6671
22975
37102
15035
57763
29945
28373
4736
2000
15626
4720
1853
30769
64275
9813
64720
63026
4276
2872
34411
301
51727
33271
139
48696
49305
14510
14517
53199
70119
3185
1509
28762
4961
15687
2083
1256
12587
44802
29554
294
4604
23373
9805
45915
272
47072
642
28867
64864
13224
66152
9402
8791
25930
4897
14775
5982
2504
16176
24359
46506
13506
48645
11771
17836
53821
49676
828
1382
3206
3416
2559
12668
11265
209
4912
8969
34086
4608
12979
40396
32167
32898
45202
9507
11154
15069
13114
17963
9597
1936
12843
3212
45273
12991
6576
37993
45354
26700
56179
49302
12630
23251
8864
54705
1761
18145
5436
49985
53072
753
116
32573
9797
5952
9120
12104
3856
29539
1499
32068
4310
13496
1830
14890
17241
32149
56375
15135
45184
9687
26553
29468
9581
17866
3
90
18078
30280
9291
34271
17960
65235
9689
40619
3035
3055
322
1737
69133
62401
9002
33521
17602
13029
61299
36380
20983
8993
189
9437
50293
53060
593
628
45724
19247
1734
3990
40597
2849
14533
47774
12801
14487
4443
12487
8882
765
8952
2869
25615
9294
10102
14710
15348
31923
2913
328
6815
6568
2887
14671
16187
9369
11748
6534
53548
740
9345
7701
2247
28836
802
18149
17355
15766
34280
28835
11750
16004
773
1118
30283
14483
55011
5218
47452
33095
1446
16509
5390
50047
8751
1380
4351
358
15364
9242
27327
6559
31029
43943
4686
3455
27393
42717
38807
15486
59266
54116
22785
19192
1394
57500
14884
62251
733
1222
26517
13303
31733
42507
38846
34173
9414
14476
4450
48920
14151
9190
9509
230
17605
1243
39463
60603
21501
17722
46558
12660
27290
17557
16164
23239
803
3726
14401
1189
45472
1311
4629
363
14592
3719
24228
288
576
12650
53257
42212
50045
18565
1128
16211
305
33585
34315
53679
38107
13176
224
61330
92
15057
23262
14503
5281
1987
22827
3747
605
2790
26588
13382
33029
11756
1349
2065
12919
314
34933
4155
38810
27231
31079
61465
14722
2717
67201
12380
11910
31102
14841
3240
9377
9571
66659
18487
36854
1502
19513
5878
13095
1303
78
23907
5270
25738
4265
38867
17579
11625
26934
14948
25981
17521
3201
38059
8837
6961
19881
210
14751
2049
8770
17750
1226
43166
2281
29654
2499
14878
232
15012
23330
11759
26321
37479
2082
9428
4709
22687
1444
26558
34489
117
52860
2100
37498
12338
46943
3063
11399
51368
15086
20434
4430
9801
34349
63816
5692
14764
6317
3058
48127
816
9188
37660
9768
40885
13183
9637
17708
31008
1558
61957
34327
277
2847
1489
32435
8773
12936
18427
6465
27213
5677
8805
14823
59689
2073
9561
6630
103
47782
1071
1798
1161
47799
64266
1662
13021
2254
3898
14814
70
33227
69251
29893
6055
43162
8718
25310
1028
28637
51588
1282
920
32737
4004
3247
14516
9256
1743
1511
22427
30182
9189
3421
9199
35340
13302
9230
22059
33625
13161
4949
58431
302
12472
1753
2529
32970
41851
19512
9876
101
13666
9207
13423
81
12517
17451
4760
1295
17543
927
1504
13162
17727
9223
11853
20577
43217
1423
11366
4370
13355
14726
17235
1858
23937
48121
22815
1378
5354
33802
56087
15755
5006
1866
36671
13679
183
46500
1126
23891
2348
36587
17377
1049
4053
256
1206
4894
3834
50009
20992
45141
4765
13680
5237
5173
31634
2270
16263
1501
4096
23263
25186
62432
23943
23377
12922
32172
30252
13737
13085
9555
22581
8961
3186
17450
1791
3166
28203
7418
9011
14931
5410
32508
16696
2508
28369
6193
12500
6571
62406
5085
9443
15018
30445
34399
28
1330
15768
50176
67980
3009
28626
57006
13078
17502
1129
274
33263
33231
8981
5341
11436
9214
26557
5822
22245
24523
8867
54282
19417
3751
45051
14454
40725
2863
211
38098
1342
14491
9221
6661
26439
217
276
9348
47818
12847
12502
640
67872
1184
34217
17222
51931
9322
41102
375
34344
329
5713
2149
30178
18202
4247
167
607
14293
42617
246
15169
21391
16177
45064
9370
17214
1334
27100
32409
4900
34177
13122
3962
21546
5665
9224
13366
19216
5915
26719
8794
128
9236
10345
45881
13116
17731
2181
1318
697
47705
61466
5611
22139
32911
48366
21010
851
10195
1030
8774
9505
47529
49257
5320
125
25969
3153
11770
27014
49623
41258
13431
542
5143
47765
3179
9793
7829
3047
764
17503
46577
4227
8904
17409
30047
2510
33074
9804
17005
26577
6294
33747
2031
27109
2108
27345
45117
56840
770
3754
61367
6581
98
59679
1506
29472
23003
23793
4360
2843
534
6642
2912
1254
68314
760
321
59837
60802
2992
6983
13064
6239
23005
42891
2267
4636
9520
14695
30901
25739
32455
16205
27499
21897
12717
33552
26295
8884
2303
4639
39023
3246
12341
17238
69732
69088
31049
66608
55685
22497
41771
1942
13175
30700
4895
11872
36577
17969
42360
14276
54911
39781
1054
71223
41324
17971
44698
2217
20411
35344
693
18809
23294
2448
14707
13006
2277
50427
48
22631
1989
42716
53375
18804
33391
29779
2240
686
7543
13048
7039
48774
36385
6608
13492
3419
282
63189
4671
9669
32481
46552
1742
12462
9383
1169
129
23271
13022
1908
25941
18801
31590
10125
23288
48486
586
32781
336
11435
28030
13451
929
14548
67920
12985
5510
1477
109
756
60520
21398
4773
9245
1154
31262
31069
29098
43219
43467
17612
47777
5327
24013
1439
9229
56129
6096
14381
2224
15174
31633
14495
34320
9846
24699
6572
28834
62349
1690
40394
37728
19432
26416
4933
3579
36554
4047
19892
2284
15336
3593
23396
56726
15075
53174
9790
13093
30599
34317
23805
15737
15634
53070
1693
1508
2908
15819
26027
66662
1372
1667
26297
4746
8123
66648
60
34205
20498
14749
1717
4362
64086
12207
60430
43765
9749
44752
19231
2113
25736
43203
14350
41428
13917
3148
43463
12720
29565
3782
32407
13030
5250
43125
67416
1756
3648
606
42901
36899
172
23085
52720
4569
23307
39565
13143
13002
14910
55063
278
1485
4564
64791
1150
5914
18302
10853
1585
14600
22806
2096
46853
15198
9355
320
417
12806
34450
9249
46
9888
34642
45913
14529
41055
14885
57139
15713
33254
46635
42398
26922
2352
1383
5330
24710
13350
27053
28162
33058
13042
4908
12706
8967
218
60686
30970
40897
287
2017
177
23881
34335
14528
56957
624
391
16241
8789
2556
43742
33001
47660
18781
9210
23323
124
64327
5654
14766
133
14937
4554
11437
8833
8938
2099
33351
2150
5192
21442
58621
12465
17364
14774
43158
27055
53255
9192
1718
8763
9320
45934
9446
2317
22639
12937
9240
1296
4437
9474
25721
50126
5931
5516
60917
18102
27223
59996
27328
12954
9413
59450
372
70565
1864
4237
23945
16224
24180
55966
17419
25682
2850
1420
38840
143
33923
47333
14897
64
2166
44009
7340
3915
19620
53787
14820
21136
19250
32137
14298
661
31350
942
34234
9546
15094
14338
3223
8979
3336
9327
4318
38427
32910
25066
2125
7094
1617
27104
32241
5953
58100
1518
29364
47669
22320
4611
993
23454
1119
9342
19600
2857
13527
735
1813
633
8844
21721
2561
435
2266
33506
20479
9658
8870
13421
45395
723
9473
23962
12192
1297
31133
4620
37848
50821
17912
26691
63945
14437
1514
6605
9922
48826
4726
9300
195
5625
43338
6798
12950
37701
8986
42176
348
39332
40400
4098
5512
67712
49718
52
61790
27246
26745
40909
59483
12510
22028
225
27495
1537
9657
51598
7033
13687
14135
12489
34347
25967
19708
31711
25934
57563
18915
14801
997
15181
58602
1726
1006
22495
25945
34864
5369
14876
42092
1173
21443
21440
227
8883
5470
22484
5949
65772
612
23941
42054
15770
4368
24542
42643
32144
9648
212
9231
10547
12978
14565
6574
24837
15681
17376
27137
14272
11850
55558
34929
13089
43177
41218
16839
33108
1531
34289
14534
24774
289
17688
115
19010
3828
69514
64789
55569
32267
13508
1053
690
5810
6664
39405
48970
13058
23326
9690
55148
15260
2480
64877
23266
647
32873
5268
14594
6561
34402
2381
43228
2349
2283
54457
20550
12980
43833
53441
58262
12827
22187
28926
19282
2898
1733
707
14813
36880
13054
26962
4517
27169
5519
53051
2811
51393
14223
13068
20602
5964
27493
16203
14783
42725
6834
18333
61194
26713
1240
318
17200
53034
9484
4366
11753
292
8796
844
2265
42284
15285
4339
13273
41231
29307
4701
4398
13385
31316
44478
38806
45617
7325
2268
4879
38878
31686
14536
20126
53122
37871
34137
332
9315
8729
216
9382
40672
39348
51334
13681
1353
2020
384
11413
43232
42277
12455
13494
2754
9260
1005
1838
68855
65906
33577
43249
49923
19092
2271
23927
6643
17505
13603
28295
3822
23363
25614
14485
35343
70550
12964
1306
44067
1263
6570
9237
22233
6577
12833
138
46554
18807
9380
24525
57115
50283
51025
2865
1180
8832
26581
26975
45226
162
22501
2095
1746
165
33165
25458
1417
1321
38828
5396
62008
23909
33120
13137
257
23304
65794
9545
39607
36382
616
3831
56873
55117
1424
957
20933
14079
42297
4428
18774
12167
2260
13184
3748
37692
12860
12793
1366
33665
1454
51
40777
48206
26675
12761
39889
25152
16139
12992
8662
36375
26722
4792
9253
699
22251
1608
56532
26686
32967
9217
13818
21939
15142
791
1219
1197
45075
28438
7388
3835
1557
31320
28147
14530
1408
973
53935
1409
33109
60001
7435
21419
43211
27366
14653
16147
66246
14994
3812
4347
2288
2151
30629
38014
38798
25079
31053
28632
43388
13510
3230
46189
17760
40447
2979
53064
14827
6564
618
65316
12219
14449
42319
324
16046
14537
12497
54305
25619
43585
67397
43201
17372
17245
6278
60618
982
32814
2282
39632
13142
3195
19558
41988
4444
8775
4896
56852
31088
9832
6666
30711
1464
36379
63794
1571
50996
16220
13209
17568
24000
3791
45082
13670
2269
27167
14568
12460
9196
8731
120
19086
67887
15721
1893
3126
34498
29809
40673
8847
56593
17964
4355
33375
35370
3502
53048
70705
123
26579
45063
4382
650
3762
50131
16006
23981
22773
19198
28374
1519
31846
24867
5913
13040
13052
40817
14701
34936
43964
14724
21396
4327
24647
60300
15388
1195
31028
37305
4751
56881
23260
27467
65893
8786
8811
17418
63033
373
33989
37327
12939
4010
611
634
20428
33684
13160
23458
42385
17384
22910
11754
17254
45023
13684
8860
13007
1137
45100
4163
26920
67329
157
1510
8792
251
70476
42393
33558
190
9235
29372
3170
6665
19014
71220
29482
14407
65095
68
1092
33101
29745
13482
17379
33431
330
61170
5894
1847
30986
1033
2363
14596
26514
14794
27114
12642
22812
7011
9400
1470
1250
1790
2567
9431
5059
42110
45099
43136
5275
13788
66452
9285
34541
6606
23324
31223
46568
50031
583
33188
52178
42192
3844
19099
2092
4272
66369
57137
9429
13059
9119
226
727
1443
14956
1412
23857
43337
23798
3159
14573
17506
9565
31641
17745
18856
33806
34338
11433
13359
32152
28501
44750
47260
11768
56011
33488
25254
4118
26790
19065
2107
13260
19599
894
33309
5699
55004
12626
18084
45587
47918
14787
42293
5864
15262
8777
17951
1087
47754
1088
904
66522
2757
35227
26898
26071
13104
4667
2566
9241
55958
40862
34318
28280
64581
7360
25136
25990
32129
1136
2684
17360
33529
12673
3400
651
37877
8189
1957
1536
32397
3995
20480
15104
59694
8899
33122
4605
235
64269
13297
340
38851
58975
41310
14716
42728
344
9482
28148
6095
13769
66436
42258
64793
52370
33574
7287
1719
49606
67373
6073
2526
9288
16131
69702
59462
33132
18090
1521
14386
25745
4319
15916
3001
1881
9652
9371
34155
9203
6609
14750
14555
4495
2755
13149
11492
1165
19011
36578
32128
13534
1037
8943
65302
6579
2907
34190
1594
24033
342
71360
3379
15131
60297
29339
12287
5283
179
3643
2578
29490
1841
6648
4226
15016
4191
14413
22518
26181
8077
39082
9481
14741
742
300
9627
63931
255
20132
1785
26533
259
1797
4342
12484
4442
2893
9273
1458
2383
8968
26491
8956
19078
48956
33624
47732
52959
2103
669
49295
17482
59726
14486
12463
22582
9257
13698
64159
3927
28611
27201
25728
37423
3699
4617
16283
20409
6390
237
2232
5829
25963
8766
16226
64901
837
14755
2780
13005
8949
14969
9022
26163
23125
5701
696
4213
33225
838
3273
660
54843
420
51980
907
47790
6586
7385
883
13428
25087
1201
24668
3968
14590
44360
29729
1671
9390
17526
15577
4920
16171
3418
49674
3702
7977
14840
9246
11667
14911
204
14900
13454
3825
1379
713
13501
50351
9573
2960
3755
62250
247
30740
3167
29658
14935
316
41520
49266
872
20622
13390
2391
5201
1044
14832
12466
19520
16202
9589
9723
14936
1287
55380
14115
10587
8812
4785
43165
28032
14917
5447
142
2874
26176
19570
2910
5748
25049
60968
3854
902
14542
64433
31314
67
5319
13580
12274
42228
1215
1406
13701
14137
55089
825
14479
19253
8850
15439
43915
27276
15041
12923
2097
26794
630
16128
8984
275
1415
28170
45052
26208
46493
9765
23248
25140
15513
14906
12458
16142
7311
263
1455
17962
1401
939
2845
2532
4333
14960
15111
14582
13266
16152
1157
1163
31006
14974
12480
629
12718
3663
17743
19327
14334
34196
14972
12729
9475
14829
3993
18898
34602
228
6659
12995
800
20662
6667
59846
14770
28396
280
3100
8684
950
4902
34274
45439
188
12959
243
19119
12461
1807
31054
1181
14817
31176
947
14493
16836
636
2287
43188
7334
9212
33146
27688
23779
6612
6646
24703
19191
14806
45016
47828
14928
779
11336
51333
1080
12921
19026
33785
60081
6429
36549
1559
14647
2437
37866
12796
11398
12345
17559
11746
4039
266
6081
43173
2848
23113
4603
1341
3503
8929
26690
8878
26823
8862
750
24740
4614
17646
1787
47785
27068
12457
46034
28379
3509
32138
1503
12974
9012
28590
14872
8779
9255
64573
5168
4429
9244
32118
20960
1915
18846
16838
14941
1810
2750
12795
55202
16069
15227
19869
26513
13096
13082
32122
13740
326
9462
12926
3067
25250
10123
1460
13308
4830
13683
1799
3975
56029
7444
93
19028
66455
4052
3411
8801
758
1393
31434
36978
46564
14865
14475
3353
730
2565
21694
4844
30055
20490
1721
14965
45254
14552
13300
66519
3106
23833
30692
206
299
62211
13420
3359
11343
19802
112
14964
26350
37130
6560
9003
8999
41533
26332
6295
18803
196
1781
13394
14735
33141
53362
703
4777
27160
43003
19877
65705
12821
4775
145
19615
33359
14968
43014
184
42219
30682
53079
14506
64384
8966
33530
15925
5702
694
736
43157
6584
9476
13410
43174
2033
654
13202
18
18507
22241
1922
861
34077
6888
2957
27392
59727
61798
164
9040
14421
9226
9396
16001
12815
12632
46892
1766
28953
325
22971
3161
46346
3907
737
12714
27062
9802
12932
70790
239
4752
31640
51466
32614
1426
16242
26571
3250
13
26507
11773
67732
34329
10337
12927
15220
5169
4594
351
55591
2434
6215
21990
5657
49
37852
3517
14535
56866
49221
52716
28524
37863
9151
12468
34373
4343
5316
37864
1422
3875
5756
8736
2784
14554
32961
4448
23270
6332
1476
4687
9401
14886
27228
45087
20046
46492
51057
53167
12505
14907
25788
922
2621
1898
10304
59766
13155
46941
14791
8880
88
6656
250
37536
22640
14981
48925
39273
60291
4898
679
16898
948
836
7352
1456
34145
22811
13504
13139
46729
9531
2891
9660
33393
7390
106
16153
43737
32305
4456
33659
55224
16227
28141
33035
4948
53146
34309
12454
38032
12503
1167
2475
43161
34379
37430
51947
4668
813
10103
3553
24782
30265
622
1085
14518
30883
33097
14719
21540
9343
176
15071
32388
9489
14980
34265
29471
59927
996
1793
16904
26476
1523
1278
11510
9655
6594
13246
17464
13438
14136
13091
8856
17870
25904
3468
14892
1414
19333
136
4281
4345
22467
31748
45340
9258
28370
1164
19024
13689
55609
6566
4788
59493
24391
2230
15234
24240
25155
13192
4899
4323
58957
20514
3803
12920
25698
1492
17477
21155
1106
20431
57
44743
1320
1134
9280
15023
1432
49234
5311
44334
3979
3251
2862
252
28495
240
49800
5696
1083
15141
40889
21902
43140
22683
9416
665
13013
64642
9636
60008
38957
673
7448
1159
43019
17957
22499
2246
9557
53056
5631
31032
2870
61438
26568
658
4562
40176
14591
28082
62297
26497
9211
32143
1929
38308
14743
12925
11996
53045
45089
17580
1262
545
37110
50475
4329
3396
31867
11842
2081
3749
45352
51961
8962
9264
39890
33175
19234
1859
2560
236
20607
4903
45630
25723
27050
25731
23256
22173
2671
9005
22690
4454
23267
61440
7421
6604
51191
3473
8906
34500
7386
33570
9722
7420
23319
4353
65
804
62319
2563
9232
9676
13343
45358
4369
29467
67244
2124
43912
747
47827
1385
33917
3157
2609
25911
3202
24694
34151
22982
14277
16878
22662
43167
1541
6649
9311
12311
33473
8802
28224
3924
22230
21152
30
4743
44020
29271
14815
45231
3973
42746
207
5027
56173
49050
43469
422
5845
16158
43278
1368
2904
175
5282
12929
3759
17626
61945
16408
17338
43171
1194
16296
134
4455
15993
21437
1856
3154
9791
71361
5269
11400
45391
2906
9234
17625
15503
14502
4312
9200
29093
4057
20477
11287
4684
3456
12659
22503
19456
12187
66153
13599
3171
22483
1344
12627
24357
12721
64318
39595
29492
19251
62288
30693
28088
19039
127
43328
2901
25173
9789
43186
46108
4825
1324
69848
11772
17698
33573
9703
1160
11709
45360
9228
23321
1809
12812
2883
23300
3832
33516
18808
51016
62515
1255
16951
293
32902
6684
46111
37309
31869
16896
16692
33015
1498
19037
48978
44017
33728
15031
31636
4218
1099
32092
11453
37082
67243
3827
23784
2002
67424
4293
14508
64628
12693
15188
3256
7277
11832
42983
51182
2548
34256
41519
4416
42394
1247
30579
22819
59422
54458
12960
17927
5619
15825
67198
13340
13074
15192
8951
17202
5212
25748
14734
83
3217
13305
54073
1885
3549
49983
298
37428
8765
3961
31793
15263
54077
66463
50344
1326
42375
2920
3188
3428
16933
43163
52347
7296
39912
14270
163
25543
33121
12993
50
14545
15434
738
22275
20625
24659
54450
11848
9209
74
49751
13115
1505
36543
1869
4835
42263
40816
220
51365
9283
1305
9191
42675
14096
21512
23912
27308
12258
17523
37
35781
9826
4697
12476
14958
1100
22838
9201
2911
9304
53431
5408
53239
14849
31827
27172
22213
58426
5266
33113
64623
2890
33319
171
21385
12976
41010
13388
2137
9279
5554
31033
1599
58106
22496
9433
25330
12532
30566
9243
4266
48203
1934
26818
26590
1440
953
97
1429
39633
3984
23279
916
57569
8810
31108
202
47747
14524
42538
9683
9968
1855
33059
15110
41112
42602
2109
17242
17462
5687
22498
15004
2758
3141
4050
729
20407
15699
9194
1633
16943
33589
13483
47859
14856
33111
3727
4685
25322
12933
2530
22579
50051
34440
42734
11894
3432
9403
9239
33087
22092
62066
37311
13249
12260
732
3833
58873
36383
19093
33491
32958
12501
49667
13210
2389
19404
26431
49321
4906
821
9262
1673
14564
5612
31870
29704
15741
26941
710
54945
26935
1722
12493
2076
13804
34494
15150
10116
9308
37404
20450
18422
38266
6674
42361
12924
15810
46877
27534
33094
141
4393
53932
2511
33736
12948
11297
46511
670
14553
173
19440
13519
3745
33557
25648
17692
46888
1308
9363
24557
641
7687
7329
45025
12695
8778
1132
59531
9271
4482
1430
34189
14889
42744
9344
962
9282
9490
7319
46556
149
1860
18120
1488
2315
24613
5
28234
41849
3107
767
884
43965
14894
1465
44383
21429
27212
2944
26521
69704
49144
56387
56024
3149
49829
30286
1668
9622
63475
42723
6607
32368
64166
1178
38838
23316
67779
4263
37408
55181
7412
25521
5944
13108
47756
43392
9427
54278
32405
27289
66155
55269
646
37524
9305
28112
306
1919
9213
22096
11835
65279
8977
258
17347
4515
11820
29700
51326
54789
15087
40790
355
11747
8947
104
12155
2098
331
3289
50169
1988
37060
857
20619
2160
222
16076
34390
49204
9219
12799
14158
1084
12670
13261
3736
8839
33100
21368
16882
24362
1091
55255
49931
22810
367
6636
25722
12787
1144
33729
15038
5581
55878
49189
13729
27072
15952
12014
6034
45079
30678
12175
42504
38062
260
50046
6017
58927
18788
9494
26704
15756
14477
12981
24320
3074
38067
13039
47516
34844
11758
14700
2089
46886
8842
18830
18226
33105
14957
5202
1162
14862
11337
16086
9143
6567
1266
18827
37307
9732
208
9541
33011
16281
34368
34396
12901
15183
19403
18905
34284
2118
53883
24706
45737
42232
34282
3412
24062
17425
2388
41880
1800
1152
1343
38808
19199
15084
12930
13181
3966
3860
33799
42106
6156
19510
35345
19285
31002
9368
14490
26918
20942
53036
9662
33027
8827
14782
56010
9610
1045
14205
51335
20467
47738
8879
26788
9485
152
32962
4634
663
9272
6595
53059
666
1089
30224
50003
39626
5411
2485
47821
1716
46551
21556
3853
48197
4037
26718
8859
1804
47655
13375
38262
34703
3162
895
273
16947
114
9353
33199
13685
24742
13490
3394
4754
25753
33416
43512
59743
9491
6597
14955
9406
40506
5610
44520
7746
11794
17806
15759
64451
25956
198
8219
48510
118
8845
25758
734
23265
1427
5459
5389
12482
1123
4905
49798
3682
87
51028
4193
14926
6625
23284
284
8950
13112
3752
21367
10129
13031
44430
63524
28188
45916
64627
52078
44973
6169
17390
4522
14398
17440
27170
854
146
34104
8881
12305
270
27515
3472
27334
2613
3041
13646
31336
12456
39602
48536
1579
5264
19920
14583
5717
5429
46497
58
1381
5288
8776
25943
797
4976
1239
52068
15697
14374
12520
345
60017
40686
4054
58288
19177
581
56956
26421
182
2706
10153
14874
33067
15099
13109
15119
2597
52124
63707
3454
315
6633
14703
9202
34405
3830
4007
787
2687
44513
13061
30230
23352
54984
180
59917
35328
5604
51845
30880
47778
1270
9503
3415
11774
14986
614
2451
9499
2026
66671
23302
1491
17895
9146
9269
3409
4666
11608
871
11763
2018
20924
8103
42356
19284
19435
9536
2788
4451
5064
34198
1371
2514
1298
58102
1182
359
58926
15053
1991
20012
19438
10094
2401
9356
4761
34397
59885
33719
16653
34179
36538
64256
1471
33099
763
59775
41744
14950
44553
58938
13357
34380
10612
5811
42899
148
5257
19414
38791
33562
19020
762
33725
13049
29465
4013
27074
4025
21553
7443
7041
64148
3667
33144
5230
9206
33514
5985
10360
48057
34166
14531
67328
845
32135
28415
1602
56510
6565
979
11855
2106
1642
1823
1474
79
14696
60598
3997
59560
14954
11960
13098
24247
1948
3821
4822
108
151
21417
154
5412
714
16372
8974
20648
32164
42984
46369
19452
33662
9381
26562
69
15091
51471
9319
271
9806
17481
20476
12971
2128
25744
19209
9740
32093
46561
613
1451
61937
1587
9677
4637
2576
17545
32942
13132
42417
1260
14480
2036
14519
9197
892
40680
18428
28150
52997
8849
3988
16219
3187
27162
42889
2273
1731
4374
12858
29455
13086
66825
11268
60025
137
49716
31031
11528
1994
36552
33870
26567
33957
19916
625
2977
1666
23347
1436
9310
1990
1848
34273
31055
23916
659
3445
1442
3870
13677
4361
61325
12797
890
17572
677
37242
928
2522
8807
388
13152
39986
13392
14587
38890
9410
22239
47761
10692
8939
55576
508
12675
5413
12804
2876
23242
13263
45342
33326
234
56545
69193
31004
19184
19091
2505
33063
2490
30571
28492
3764
19420
2774
48331
8874
15707
1564
14982
31811
16647
29315
11614
57516
771
38800
9472
12973
2409
46499
29550
12963
4349
29133
4279
637
33498
3654
64730
1517
4320
147
15327
31254
12817
1246
8826
3766
45454
29463
27035
14702
1735
608
12504
28662
32075
51325
31156
43461
18826
41993
15064
9025
1507
717
27547
23310
16587
15044
3783
25976
11
3560
12855
34143
805
53962
5689
9738
4001
34332
31952
28394
972
2746
18171
13166
55206
620
1224
229
41015
7295
9392
7280
1141
126
8024
9908
8767
13134
265
95
15096
1405
7387
3160
32175
2139
17321
1748
53814
42669
1540
25749
4016
155
8948
5887
470
12459
4718
34403
2346
42390
20493
4998
49824
12469
55572
1782
14699
53578
8781
47683
7683
4853
1325
16973
25133
13140
1654
64648
33331
13076
17422
1577
9360
3151
8785
23344
46030
39259
66460
6582
119
37482
25816
7533
14284
6408
4653
15121
29343
1081
57176
49980
34307
51456
7856
26460
619
2322
44734
681
53273
58406
33636
34221
34140
42567
6569
18386
37429
15066
32351
2350
22507
404
37974
60185
23241
2396
4264
19976
850
63761
1323
662
2919
9943
64376
400
2431
1997
1
1279
65322
4026
15151
14802
13425
26738
25147
60895
2399
12
4373
56737
13488
5331
4008
26574
1479
23281
3613
82
32012
40546
46496
14836
63008
50315
11169
38
5276
10316
242
1834
39339
30046
15137
12918
47978
3619
17575
32070
14713
1313
19057
25726
1707
4367
60653
632
20497
66454
43416
47674
52540
64307
9647
50466
14497
59758
41360
45047
5648
60013
33398
24858
317
43385
13699
41
3420
30264
13352
5407
27103
60739
5680
64592
12942
187
1396
28756
55708
49982
58617
33720
12624
5911
9733
16308
19934
17793
720
8722
68041
34788
9644
3341
11286
53518
45070
47836
16134
335
6575
18132
4698
1767
1449
37093
53426
39299
132
15841
64169
1257
29298
26731
53481
352
39918
34336
41749
15930
2625
22482
967
96
59931
50493
34121
33112
3608
4784
181
9440
984
13106
15736
1656
42188
12473
626
41806
2661
1631
14990
5171
29304
69206
26013
9795
3163
3826
27500
17631
56599
53561
23250
1920
29569
1772
6591
28556
45236
17738
5170
131
203
14257
42895
16498
26835
19274
26022
5960
13507
26929
19299
40879
54
414
45125
30203
10184
4904
14793
11397
3982
65692
26925
5650
13306
32903
9000
21695
48515
43486
9204
3669
12732
31036
24771
34168
223
9639
50288
14290
45405
1358
43967
13011
23402
69849
47781
23385
32912
3522
28029
685
17370
645
60656
1883
37704
42896
13787
29383
25131
3433
1221
29552
3999
46895
43335
33432
397
3029
47748
18123
4386
34533
26309
34505
6611
121
2881
4954
806
9023
26299
3469
27108
12949
9720
9032
23920
64710
27188
1480
19568
8783
9798
42489
810
9583
30653
42693
1968
26687
1145
52164
14772
16858
2071
38061
53817
8970
1158
3981
1702
18103
23836
1176
1350
44947
14492
1606
1604
5980
281
9453
6602
1765
25729
4601
66693
24558
34235
14756
28371
43966
23287
4284
43192
6601
17974
17352
3965
13271
26016
3998
35371
2831
46739
42186
1688
12635
13180
39163
44754
47960
58293
38805
9537
10211
32290
1319
9596
11765
15453
34906
53355
12900
1220
55130
35346
8668
9638
8813
19164
9530
13304
6637
25680
51584
1796
13792
9534
41468
55980
13024
10005
26728
20128
28706
66195
66019
716
12972
14870
12999
23400
110
27243
13222
49391
26447
5663
42321
9411
2112
814
3563
33757
26506
14715
4419
19962
25630
3797
2029
14807
55118
2285
64134
76
1461
1198
8972
15700
34206
1094
55587
9564
1657
1917
3681
14812
42366
70293
48727
12902
3272
27009
38264
23337
17744
23362
19179
3732
19197
69517
2842
26296
56857
1225
67295
11757
18309
12628
8957
1880
35327
50822
62
27938
1556
54029
18089
16286
52324
34149
11761
5695
3815
65998
1142
38801
9558
9284
201
27255
17970
28982
12962
9313
68944
18866
15182
19413
40890
54468
20406
