107
5676
652
382
12943
9198
244
4441
122
644
9268
664
4901
3816
8809
2466
170
4038
111
17952
264
66
26256
21397
7462
9317
9208
1450
85
4000
15745
31030
12928
856
639
102
9504
9295
1336
13365
1348
789
992
12917
193
48211
13019
59
8782
12916
91
719
14509
8926
160
14494
1333
9678
14134
53899
22500
22502
29945
30769
301
1509
28762
272
642
4897
3416
753
116
14890
26553
90
3035
328
1118
5218
1380
9242
31029
1222
14151
9190
230
1189
605
1349
314
78
23907
5270
210
1226
232
1444
117
2847
8773
8805
103
1071
1798
70
1282
1743
9189
9199
302
81
927
1504
9223
4370
14726
1858
22815
13679
46500
2270
3186
3166
2508
9443
8981
217
329
607
246
4900
21546
13366
8794
9236
8774
3153
11770
764
2510
98
1254
60802
2267
4636
22497
17969
12462
1169
129
18801
11435
756
21398
1154
31633
9846
14350
4569
278
1485
1150
1585
9249
2352
13350
287
177
43742
9210
5654
4554
27055
9192
9446
2317
12954
143
64
2166
661
942
3223
9342
13421
31133
17912
9300
195
52
225
51598
25967
1006
227
22484
612
17376
1053
5810
9690
5268
14813
2811
9484
4398
332
28295
6570
138
2865
1417
957
4428
12860
12793
4792
9253
2288
618
42319
1464
120
56593
123
650
65893
634
33684
157
8792
9235
68
1092
1033
1470
18084
8777
1087
1088
26898
9241
1136
7287
2526
1521
9371
9203
11492
1165
179
3643
2578
259
669
12463
25728
3273
420
14590
14840
204
2960
247
3167
872
1044
9589
10587
14917
67
14137
1455
1163
188
43188
6646
779
1080
12345
11746
266
3503
1503
8779
9255
1810
12795
32122
326
730
206
13420
6560
196
1781
14735
703
145
184
42219
694
2033
654
16001
12815
1766
239
5169
5657
37852
9151
4448
46492
2621
10304
250
7352
7390
106
1085
14719
9343
176
13091
22467
9258
4788
57
1134
9280
5311
22683
9636
14591
28082
1262
545
7420
1385
16878
207
4455
1856
5269
11287
22503
12627
1255
1099
11832
83
8765
163
1505
220
9191
12476
5408
13388
22496
9243
953
97
22498
729
9239
2511
173
1308
7329
149
2315
44383
3149
1178
7412
9305
1919
104
9219
8839
22810
1144
260
34844
14700
1162
11337
208
1045
8879
9485
152
663
6595
666
5411
21556
4037
273
114
5610
118
12482
87
21367
854
12456
46497
58
345
315
14986
9146
8103
9536
1298
359
10094
1471
21553
6565
79
108
151
69
15091
9319
32093
9197
1731
137
9310
659
12797
12804
30571
12973
1507
3783
25976
5689
2746
1224
126
6582
119
6408
4653
681
662
1
12
82
32012
46496
38
1834
14713
1707
187
5911
11286
132
96
6591
5170
131
203
54
11397
31036
223
685
3999
12949
810
1145
2071
1158
3981
14492
14756
17974
12900
1220
19164
9534
110
14715
76
1094
27009
19179
1225
62
11761
