107
5409
382
244
268
86
253
245
199
6962
170
13053
194
264
9287
356
14300
197
55
1135
1348
221
94
193
71
269
341
185
84
91
9678
153
309
192
286
34426
139
4961
294
4897
3458
209
308
32146
392
53072
116
261
219
99
322
189
34055
16509
358
59345
230
363
14592
288
386
305
20857
224
233
14431
380
314
78
80
232
31008
277
387
1071
302
778
101
13423
81
183
256
3834
5410
211
377
276
375
329
167
246
4900
128
125
764
17409
98
321
9520
371
17269
48
354
319
1042
129
336
158
109
1154
37064
4746
60
334
172
278
200
417
14529
168
8967
360
936
372
159
8979
362
435
195
348
52
213
212
289
115
2480
292
34078
332
216
13494
58711
63
162
165
33165
135
257
51
231
324
337
296
3502
73
123
16006
373
157
389
178
226
33654
15262
279
235
327
344
14555
1165
179
14413
300
255
259
370
237
837
105
144
204
14457
247
316
142
67
275
1163
14334
280
188
243
28885
369
14806
1080
266
347
156
215
326
93
206
299
112
343
196
267
164
325
51466
13
351
49
18847
140
61
88
1059
307
33633
622
176
57
252
15231
14557
236
346
11340
24694
100
376
207
422
175
12659
1344
896
127
293
1099
298
1100
5408
171
310
202
9194
28693
285
191
9262
141
173
1308
13221
366
1178
7412
306
258
355
365
104
331
364
25204
14477
11337
33646
11817
1040
357
152
66290
273
198
118
284
6169
146
270
345
4054
182
291
315
787
180
161
9146
33796
359
148
368
79
89
108
151
69
271
113
2540
234
166
637
147
214
608
11
229
265
95
155
12459
6582
119
19842
12
82
38
242
187
11286
304
96
181
6591
131
203
54
3433
121
290
1004
11765
5663
76
201
