1094
10086
306
54
304
1343
4078
4940
135
13733
216
176
67723
201
145
1065
5456
183
9373
170
6018
354
11739
323
90
14712
33785
17171
163
307
113
269
98
65
412
363
194
34910
1134
53
34907
234
8960
229
315
4943
69
342
188
207
9374
338
50
769
352
33440
134
4699
256
239
76
15365
28089
10119
265
257
928
11691
361
197
92
175
34896
335
291
379
245
150
12172
152
81
14682
15515
316
360
287
9696
139
37712
30603
333
313
14855
241
2494
1348
83
208
282
260
128
345
1154
353
47
193
159
200
369
15389
299
205
276
1020
9922
261
1458
191
48
221
12
160
350
141
9077
85
247
132
279
344
99
381
677
86
66882
280
278
332
93
202
34919
321
230
377
77
209
225
22414
11
12229
331
255
252
88
277
54162
13561
157
124
1017
13489
3449
168
336
14789
243
373
6728
173
71
270
146
755
19158
42
1096
67
346
97
20451
164
232
16326
59
242
13652
57
375
32675
195
95
11736
3471
34544
1309
179
11738
185
66
254
32888
161
69206
189
73
1159
347
190
4945
103
154
275
212
30420
7116
61328
326
15261
177
122
1085
325
343
166
144
41
137
16320
318
430
357
264
61
15487
358
244
204
59368
12228
3852
148
6924
284
22341
231
251
13086
91
133
290
349
22326
305
286
228
382
258
366
263
87
182
149
104
8898
111
12227
301
362
348
340
53700
2555
155
5457
388
196
106
296
17476
12231
592
120
368
689
16661
1075
385
227
187
96
19917
174
1054
18790
151
372
5876
12196
34655
12230
143
165
75
312
107
186
25560
889
236
1039
16882
213
56
117
11740
115
789
288
110
324
219
39508
355
13910
356
268
181
376
283
206
365
140
35261
14827
68300
172
74
292
2608
297
294
364
311
1037
367
52060
35360
68
13585
70
386
233
266
320
13848
303
5802
997
192
384
15865
82
370
158
7601
6700
16316
253
64
9387
226
79
119
44
328
72
240
63
302
30
6250
19134
330
274
620
45
289
267
314
295
109
4791
