55723
20418
4235591992
65017
65053
210176
18808
14564
132610
200063
64001
65555
209466
64633
213303
555743
393644
212433
64801
150
64573
4210301999
211599
65084
209309
65533
213273
65540
142570
26282
63654
54777
141925
1833
208512
46333
138930
65023
64923
135176
4235591990
45104
64570
64606
64706
8552
64888
64701
65386
65012
212521
65517
4216255003
62468
64884
213039
65334
64630
394809
4235592002
62610
141374
64569
35002
28944
4200010012
2905
64814
17418
267099
141414
137117
65538
65037
64682
65449
207607
399073
65525
64650
49345
64601
138981
65151
65534
65005
45540
211989
264034
21156
62079
135000
35232
65535
65116
4200000001
7724
49936
64764
64810
60369
47981
65400
65542
211954
20734
138349
64708
56976
65503
65120
65131
64632
4210203999
64922
24169
65211
64646
39335
40996
65001
212053
268338
212177
65083
211365
65035
64575
65495
56974
49747
204070
64580
398999
65112
64728
13487
209526
206368
11581
211521
396853
65082
140589
21870
141747
64624
65521
57654
65064
237347
64999
64799
64777
211831
50212
65402
205133
60464
65024
65010
65132
64576
65333
64913
65105
64710
64709
995
4235592000
3825
58969
8954
10026
135074
134287
60312
138927
65200
4259860126
8850
398351
397727
147044
65515
65039
266865
4200010007
64812
64614
65114
4200006300
64590
141662
65502
64631
64958
137464
137454
15
65150
207360
44636
65127
134447
4200262893
65563
23311
65110
20873
10983
65450
65141
393624
200878
213394
49237
64703
212528
64568
64671
65531
9989
65031
211653
65215
65526
25319
65547
50284
65537
65123
212056
2000
60025
65102
64705
65536
35749
64572
65524
65008
2220
132665
64634
57516
56315
266988
64571
64707
27919
51543
4259860118
209341
65224
65003
65455
65042
134345
6258
4200100040
213043
65055
19175
263100
64608
64626
17819
65111
64711
16828
65499
64574
65255
6828
399225
65011
206814
208888
64635
64702
64594
2003910
60088
64577
4200000023
64804
48850
64620
23709
211760
265538
65161
56817
269955
65100
4259860127
137326
4210010001
212560
64832
65500
36474
134159
65300
213367
65206
56958
64950
3500
65009
4200000027
59433
65451
65457
65002
136010
65541
12280
64978
25903
399553
208866
65301
47886
9515
209745
65051
24131
65015
65510
267095
395153
132500
64850
44428
311624180
65504
137110
27264
141011
65014
65530
65050
13301
33483
7413
56124
398468
141768
140052
64700
138660
65099
65313
1000
62257
201309
65027
65532
212895
65000
142358
65139
64612
399029
132707
65041
65505
140471
130
65454
64944
203320
135438
65004
64906
65310
142290
65395
264639
24071
134281
65228
264700
4210105009
5066
